2015 ACTUAL DATA,,,,,,GENERAL,,,,,,,,SPOILT PAPERS,,POSTAL VOTES,,,,2010 ACTUAL,,,,,,,,,,,,,,,
Press Association ID Number,Constituency Name,Constituency ID,Constituency Type,Region,County,Electorate , Total number of valid votes counted , Total number of ballots at count  ,Total number of ballots returned by close of poll,Valid vote turnout (all valid votes),Ballot box turnout (inc votes rejected at count),Total vote turnout (inc postal votes rejected and votes  rejected at count),,Total number of ballot papers rejected at the count ,,Number of postal ballot papers issued,Total number of covering envelopes received by RO before the close of poll ,Number of postal votes included in the count,,Constituency Name 2010,PAID Number,Region,Electorate,Total number of valid votes counted , Total number of ballots at count  ,Total number of ballots returned by close of poll,Valid vote turnout,Ballot box turnout,Total vote turnout ,,Total number of ballot papers rejected at the count ,,Number of postal ballot papers issued,Total number of covering envelopes received by RO before the close of poll ,Number of postal votes included in the count
,,,,,,,,,,,,,,,,A1,B6,C18,,,,,,,,,,,,,,,,,
11,Amber Valley,E14000533,County,East Midlands,Derbyshire,"69,510","45,717","45,820","45,981",65.8,65.9,66.2,,103,,"14,914","12,447","12,286",,Amber Valley,11,East Midlands,"70,171","45,958","46,058","46,402",65.5,65.6,66.1,,100,,"12,566","10,335","9,991"
19,Ashfield,E14000535,County,East Midlands,Nottinghamshire,"77,091","47,409","47,618","47,848",61.5,61.8,62.1,,209,,"11,185","9,554","9,324",,Ashfield,19,East Midlands,"77,379","48,196","48,257","48,578",62.3,62.4,62.8,,61,,"11,016","9,457","9,136"
35,Bassetlaw,E14000546,County,East Midlands,Nottinghamshire,"76,796","49,289","49,459","50,420",64.2,64.4,65.7,,170,,"14,113","12,419","11,458",,Bassetlaw,35,East Midlands,"76,513","49,577","49,725","50,020",64.8,65.0,65.4,,148,,"11,777","9,734","9,439"
75,Bolsover,E14000577,County,East Midlands,Derbyshire,"71,979","43,998","44,191","44,524",61.1,61.4,61.9,,193,,"8,749","7,660","7,327",,Bolsover,75,East Midlands,"72,766","43,988","44,042","44,329",60.5,60.5,60.9,,54,,"8,188","6,927","6,640"
80,Boston and Skegness,E14000582,County,East Midlands,Lincolnshire,"67,064","43,339","43,518","44,413",64.6,64.9,66.2,,179,,"10,952","9,940","9,045",,Boston & Skegness,80,East Midlands,"67,186","43,125","43,178","43,862",64.2,64.3,65.3,,53,,"9,685","8,038","7,354"
81,Bosworth,E14000583,County,East Midlands,Leicestershire,"79,738","53,582","53,788","54,302",67.2,67.5,68.1,,206,,"13,777","12,293","11,779",,Bosworth,81,East Midlands,"77,296","54,274","54,365","54,589",70.2,70.3,70.6,,91,,"11,780","10,143","9,919"
107,Broxtowe,E14000607,County,East Midlands,Nottinghamshire,"71,764","53,440","53,640","53,893",74.5,74.7,75.1,,200,,"13,418","11,962","11,709",,Broxtowe,107,East Midlands,"72,042","52,727","52,788","54,214",73.2,73.3,75.3,,61,,"12,527","11,921","10,495"
136,Charnwood,E14000625,County,East Midlands,Leicestershire,"77,269","52,261","52,438","52,645",67.6,67.9,68.1,,177,,"10,188","9,219","9,012",,Charnwood,136,East Midlands,"74,473","53,542","53,626","53,898",71.9,72.0,72.4,,84,,"8,615","7,696","7,424"
144,Chesterfield,E14000632,Borough,East Midlands,Derbyshire,"71,625","45,567","45,746","46,306",63.6,63.9,64.7,,179,,"13,381","12,032","11,472",,Chesterfield,144,East Midlands,"71,878","45,839","45,924","46,214",63.8,63.9,64.3,,85,,"12,727","10,982","10,692"
161,Corby,E14000648,County,East Midlands,Northamptonshire,"79,775","56,174","56,306","56,916",70.4,70.6,71.3,,132,,"16,601","14,563","13,953",,Corby,161,East Midlands,"78,024","54,236","54,345","54,663",69.5,69.7,70.1,,109,,"15,393","13,293","12,975"
178,Daventry,E14000660,County,East Midlands,Northamptonshire,"72,873","52,518","52,655","52,735",72.1,72.3,72.4,,137,,"13,258","11,429","11,349",,Daventry,178,East Midlands,"71,452","51,774","51,871","52,063",72.5,72.6,72.9,,97,,"11,674","9,974","9,782"
181,Derby North,E14000662,Borough,East Midlands,Derbyshire,"69,794","44,745","44,882","45,388",64.1,64.3,65.0,,137,,"12,007","10,364","9,858",,Derby North,181,East Midlands,"71,474","45,080","45,212","46,102",63.1,63.3,64.5,,132,,"11,644","9,521","8,631"
182,Derby South,E14000663,Borough,East Midlands,Derbyshire,"70,240","40,820","40,986","41,738",58.1,58.4,59.4,,166,,"11,872","9,903","9,151",,Derby South,182,East Midlands,"70,999","41,188","41,434","42,678",58.0,58.4,60.1,,246,,"12,966","9,758","8,514"
183,Derbyshire Dales,E14000664,County,East Midlands,Derbyshire,"63,476","47,361","47,491","47,860",74.6,74.8,75.4,,130,,"12,243","10,977","10,608",,Derbyshire Dales,183,East Midlands,"63,376","46,780","46,875","47,146",73.8,74.0,74.4,,95,,"11,583","10,129","9,858"
241,Erewash,E14000695,County,East Midlands,Derbyshire,"71,943","48,322","48,468","48,619",67.2,67.4,67.6,,146,,"13,432","11,869","11,718",,Erewash,241,East Midlands,"69,655","47,642","47,683","48,019",68.4,68.5,68.9,,41,,"12,218","10,779","10,443"
257,Gainsborough,E14000707,County,East Midlands,Lincolnshire,"74,686","49,261","49,450","49,566",66.0,66.2,66.4,,189,,"11,163","9,448","9,332",,Gainsborough,257,East Midlands,"72,939","49,251","49,366","49,715",67.5,67.7,68.2,,115,,"10,321","8,789","8,440"
260,Gedling,E14000710,County,East Midlands,Nottinghamshire,"70,000","47,998","48,143","48,266",68.6,68.8,69.0,,145,,"11,461","9,927","9,804",,Gedling,260,East Midlands,"70,866","48,190","48,259","48,450",68.0,68.1,68.4,,69,,"11,357","9,358","9,167"
274,Grantham and Stamford,E14000714,County,East Midlands,Lincolnshire,"81,150","53,755","53,979","54,204",66.2,66.5,66.8,,224,,"14,860","12,889","12,664",,Grantham & Stamford,274,East Midlands,"78,008","52,799","52,874","53,109",67.7,67.8,68.1,,75,,"13,964","11,657","11,422"
291,Harborough,E14000728,County,East Midlands,Leicestershire,"77,760","52,471","52,681","52,974",67.5,67.7,68.1,,210,,"14,256","12,120","11,827",,Harborough,291,East Midlands,"77,917","54,945","55,027","55,347",70.5,70.6,71.0,,82,,"13,018","11,003","10,683"
314,High Peak,E14000748,County,East Midlands,Derbyshire,"73,336","50,789","50,942","51,250",69.3,69.5,69.9,,153,,"11,917","10,728","10,420",,High Peak,314,East Midlands,"71,458","50,337","50,436","50,703",70.4,70.6,71.0,,99,,"11,733","10,274","10,007"
341,Kettering,E14000769,County,East Midlands,Northamptonshire,"70,155","47,218","47,358","47,760",67.3,67.5,68.1,,140,,"16,957","12,772","12,370",,Kettering,341,East Midlands,"68,824","47,328","47,383","48,078",68.8,68.8,69.9,,55,,"17,606","15,739","15,044"
356,Leicester East,E14000782,Borough,East Midlands,Leicestershire,"75,430","48,068","48,601","49,101",63.7,64.4,65.1,,533,,"11,404","9,509","9,009",,Leicester East,356,East Midlands,"72,986","47,995","48,120","48,930",65.8,65.9,67.0,,125,,"12,370","10,580","9,770"
357,Leicester South,E14000783,Borough,East Midlands,Leicestershire,"73,518","45,942","46,340","46,797",62.5,63.0,63.7,,398,,"9,804","8,290","7,833",,Leicester South,357,East Midlands,"77,175","47,124","47,233","47,892",61.1,61.2,62.1,,109,,"11,163","9,594","8,935"
358,Leicester West,E14000784,Borough,East Midlands,Leicestershire,"63,204","34,522","34,758","35,123",54.6,55.0,55.6,,236,,"7,828","6,510","6,145",,Leicester West,358,East Midlands,"64,900","35,819","35,908","36,330",55.2,55.3,56.0,,89,,"9,831","8,039","7,617"
368,Lincoln,E14000792,Borough,East Midlands,Lincolnshire,"74,121","46,852","47,076","47,330",63.2,63.5,63.9,,224,,"9,894","8,588","8,334",,Lincoln,368,East Midlands,"73,540","45,721","45,806","46,088",62.2,62.3,62.7,,85,,"10,405","8,491","8,209"
377,Loughborough,E14000797,County,East Midlands,Leicestershire,"75,217","52,020","52,230","52,399",69.2,69.4,69.7,,210,,"11,178","9,887","9,718",,Loughborough,377,East Midlands,"77,505","52,838","52,947","53,110",68.2,68.3,68.5,,109,,"9,133","8,196","8,033"
378,Louth and Horncastle,E14000798,County,East Midlands,Lincolnshire,"74,870","50,336","50,572","50,804",67.2,67.5,67.9,,236,,"12,124","10,441","10,209",,Louth & Horncastle,378,East Midlands,"77,650","50,494","50,580","50,694",65.0,65.1,65.3,,86,,"11,236","9,367","9,253"
390,Mansfield,E14000810,County,East Midlands,Nottinghamshire,"77,534","47,193","47,329","47,670",60.9,61.0,61.5,,136,,"12,490","10,395","10,054",,Mansfield,390,East Midlands,"80,069","48,395","48,479","48,645",60.4,60.5,60.8,,84,,"10,562","8,706","8,540"
184,Mid Derbyshire,E14000814,County,East Midlands,Derbyshire,"67,477","47,729","47,845","48,584",70.7,70.9,72.0,,116,,"13,465","11,911","11,172",,Derbyshire Mid,184,East Midlands,"66,074","47,342","47,439","48,283",71.6,71.8,73.1,,97,,"12,091","10,469","9,625"
411,Newark,E14000829,County,East Midlands,Nottinghamshire,"73,747","52,302","52,467","52,787",70.9,71.1,71.6,,165,,"10,003","8,485","8,165",,Newark,411,East Midlands,"71,755","51,228","51,340","51,509",71.4,71.5,71.8,,112,,"12,999","11,067","10,898"
185,North East Derbyshire,E14000843,County,East Midlands,Derbyshire,"71,445","47,948","48,095","48,437",67.1,67.3,67.8,,147,,"11,560","10,328","9,986",,Derbyshire North East,185,East Midlands,"71,398","47,034","47,139","47,449",65.9,66.0,66.5,,105,,"9,532","8,288","7,978"
359,North West Leicestershire,E14000858,County,East Midlands,Leicestershire,"72,193","51,548","51,718","52,012",71.4,71.6,72.0,,170,,"9,997","8,986","8,692",,Leicestershire North West,359,East Midlands,"71,217","51,952","52,027","52,474",72.9,73.1,73.7,,75,,"9,950","8,928","8,481"
427,Northampton North,E14000861,Borough,East Midlands,Northamptonshire,"59,144","39,411","39,523","39,845",66.6,66.8,67.4,,112,,"11,754","10,009","9,687",,Northampton North,427,East Midlands,"61,850","40,271","40,364","40,758",65.1,65.3,65.9,,93,,"11,156","9,366","8,972"
428,Northampton South,E14000862,Borough,East Midlands,Northamptonshire,"61,287","38,884","39,045","39,413",63.4,63.7,64.3,,161,,"11,815","9,831","9,463",,Northampton South,428,East Midlands,"63,105","38,978","39,064","39,476",61.8,61.9,62.6,,86,,"11,664","9,443","9,031"
432,Nottingham East,E14000865,Borough,East Midlands,Nottinghamshire,"60,464","35,209","35,462","36,352",58.2,58.6,60.1,,253,,"10,542","9,236","8,346",,Nottingham East,432,East Midlands,"58,705","33,112","33,245","33,580",56.4,56.6,57.2,,133,,"9,619","7,629","7,294"
433,Nottingham North,E14000866,Borough,East Midlands,Nottinghamshire,"65,918","35,343","35,365","36,208",53.6,53.6,54.9,,22,,"13,557","11,617","10,774",,Nottingham North,433,East Midlands,"63,240","34,285","34,360","34,740",54.2,54.3,54.9,,75,,"12,080","9,954","9,574"
434,Nottingham South,E14000867,Borough,East Midlands,Nottinghamshire,"68,987","43,465","43,699","44,425",63.0,63.3,64.4,,234,,"12,623","10,979","10,253",,Nottingham South,434,East Midlands,"67,441","40,789","40,857","41,261",60.5,60.6,61.2,,68,,"11,377","9,465","9,061"
486,Rushcliffe,E14000908,County,East Midlands,Nottinghamshire,"73,278","55,164","55,453","56,065",75.3,75.7,76.5,,289,,"21,673","20,046","19,434",,Rushcliffe,486,East Midlands,"72,955","53,687","53,834","54,500",73.6,73.8,74.7,,147,,"23,172","20,929","20,263"
488,Rutland and Melton,E14000909,County,East Midlands,Leicestershire,"79,693","54,603","54,817","55,016",68.5,68.8,69.0,,214,,"11,132","9,222","9,023",,Rutland & Melton,488,East Midlands,"77,185","55,220","55,330","55,627",71.5,71.7,72.1,,110,,"10,357","8,864","8,567"
508,Sherwood,E14000924,County,East Midlands,Nottinghamshire,"73,349","50,698","50,825","51,278",69.1,69.3,69.9,,127,,"5,859","5,254","4,801",,Sherwood,508,East Midlands,"71,443","48,954","49,021","49,476",68.5,68.6,69.3,,67,,"10,059","8,928","8,473"
514,Sleaford and North Hykeham,E14000929,County,East Midlands,Lincolnshire,"87,972","61,944","62,169","62,448",70.4,70.7,71.0,,225,,"11,113","9,823","9,544",,Sleaford & North Hykeham,514,East Midlands,"84,806","59,530","59,609","59,884",70.2,70.3,70.6,,79,,"10,436","9,178","8,903"
186,South Derbyshire,E14000935,County,East Midlands,Derbyshire,"73,923","50,762","50,952","51,094",68.7,68.9,69.1,,190,,"11,903","10,308","10,166",,Derbyshire South,186,East Midlands,"70,608","50,419","50,490","50,632",71.4,71.5,71.7,,71,,"9,959","8,683","8,541"
520,South Holland and The Deepings,E14000939,County,East Midlands,Lincolnshire,"76,460","49,207","49,367","49,553",64.4,64.6,64.8,,160,,"10,937","9,355","9,169",,South Holland & The Deepings,520,East Midlands,"76,243","50,188","50,240","50,453",65.8,65.9,66.2,,52,,"10,029","8,534","8,321"
360,South Leicestershire,E14000940,County,East Midlands,Leicestershire,"76,851","53,926","54,226","54,406",70.2,70.6,70.8,,300,,"11,223","9,582","9,402",,Leicestershire South,360,East Midlands,"76,633","54,577","54,656","54,832",71.2,71.3,71.6,,79,,"9,693","8,464","8,288"
429,South Northamptonshire,E14000942,County,East Midlands,Northamptonshire,"85,781","60,862","61,049","61,473",71.0,71.2,71.7,,187,,"15,838","13,324","12,900",,Northamptonshire South ,429,East Midlands,"82,033","59,890","60,210","60,703",73.0,73.4,74.0,,320,,"15,403","12,780","12,287"
608,Wellingborough,E14001025,County,East Midlands,Northamptonshire,"74,317","50,430","50,669","51,206",67.9,68.2,68.9,,239,,"14,101","12,567","12,030",,Wellingborough,608,East Midlands,"76,846","51,661","51,734","52,861",67.2,67.3,68.8,,73,,"13,645","12,801","11,674"
32,Basildon and Billericay,E14000544,Borough,Eastern,Essex,"66,347","43,028","43,226","43,439",64.9,65.2,65.5,,198,,"7,975","6,714","6,501",,Basildon & Billericay,32,Eastern,"65,515","41,569","41,683","41,715",63.4,63.6,63.7,,114,,"7,724","5,637","5,605"
41,Bedford,E14000552,Borough,Eastern,Bedfordshire,"69,311","46,086","46,344","47,085",66.5,66.9,67.9,,258,,"12,656","10,987","10,246",,Bedford,41,Eastern,"68,530","45,102","45,201","45,681",65.8,66.0,66.7,,99,,"11,059","9,395","8,915"
88,Braintree,E14000590,County,Eastern,Essex,"73,557","50,283","50,484","50,607",68.4,68.6,68.8,,201,,"11,430","9,835","9,712",,Braintree,88,Eastern,"71,163","49,203","49,257","49,814",69.1,69.2,70.0,,54,,"11,882","9,975","9,418"
93,Brentwood and Ongar,E14000594,County,Eastern,Essex,"71,918","51,897","52,048","52,239",72.2,72.4,72.6,,151,,"8,797","7,684","7,493",,Brentwood & Ongar,93,Eastern,"69,309","50,592","50,719","50,746",73.0,73.2,73.2,,127,,"6,921","5,862","5,835"
103,Broadland,E14000603,County,Eastern,Norfolk,"73,552","53,089","53,271","53,366",72.2,72.4,72.6,,182,,"10,344","9,000","8,905",,Broadland,103,Eastern,"72,445","52,676","52,730","53,309",72.7,72.8,73.6,,54,,"9,923","8,877","8,298"
106,Broxbourne,E14000606,Borough,Eastern,Hertfordshire,"72,944","46,024","46,149","46,263",63.1,63.3,63.4,,125,,"11,974","9,854","9,740",,Broxbourne,106,Eastern,"71,391","45,658","45,755","45,835",64.0,64.1,64.2,,97,,"11,671","9,490","9,410"
113,Bury St Edmunds,E14000613,County,Eastern,Suffolk,"85,982","59,341","59,578","59,807",69.0,69.3,69.6,,237,,"6,951","6,613","6,384",,Bury St Edmunds,113,Eastern,"84,716","58,718","58,797","59,181",69.3,69.4,69.9,,79,,"12,923","11,099","10,715"
119,Cambridge,E14000617,Borough,Eastern,Cambridgeshire,"83,384","51,774","51,945","52,051",62.1,62.3,62.4,,171,,"11,872","9,310","9,204",,Cambridge,119,Eastern,"74,699","50,130","50,288","50,386",67.1,67.3,67.5,,158,,"11,214","9,178","9,080"
134,Castle Point,E14000622,Borough,Eastern,Essex,"68,170","45,450","45,567","45,896",66.7,66.8,67.3,,117,,"9,872","8,840","8,511",,Castle Point,134,Eastern,"67,284","45,026","45,099","45,421",66.9,67.0,67.5,,73,,"8,760","7,630","7,308"
547,Central Suffolk and North Ipswich,E14000624,County,Eastern,Suffolk,"76,666","54,089","54,234","54,399",70.6,70.7,71.0,,145,,"13,075","11,119","10,954",,Suffolk Central & Ipswich North,547,Eastern,"75,786","53,420","53,514","53,827",70.5,70.6,71.0,,94,,"11,120","9,342","9,029"
139,Chelmsford,E14000628,Borough,Eastern,Essex,"78,580","53,817","54,007","54,086",68.5,68.7,68.8,,190,,"10,212","8,829","8,750",,Chelmsford,139,Eastern,"77,525","54,593","54,635","54,786",70.4,70.5,70.7,,42,,"9,649","8,484","8,333"
152,Clacton,E14000642,County,Eastern,Essex,"68,936","44,207","44,375","44,541",64.1,64.4,64.6,,168,,"10,765","9,230","9,064",,Clacton,152,Eastern,"67,194","43,123","43,204","43,342",64.2,64.3,64.5,,81,,"9,282","8,000","7,862"
157,Colchester,E14000644,Borough,Eastern,Essex,"74,204","48,593","48,710","48,944",65.5,65.6,66.0,,117,,"11,408","9,747","9,513",,Colchester,157,Eastern,"74,064","46,139","46,240","46,521",62.3,62.4,62.8,,101,,"11,013","9,106","8,825"
239,Epping Forest,E14000693,County,Eastern,Essex,"73,447","49,348","49,490","49,599",67.2,67.4,67.5,,142,,"7,113","6,323","6,214",,Epping Forest,239,Eastern,"72,186","46,584","46,718","46,915",64.5,64.7,65.0,,134,,"7,084","6,094","5,897"
277,Great Yarmouth,E14000717,County,Eastern,Norfolk,"69,793","44,469","44,629","44,909",63.7,63.9,64.3,,160,,"11,211","9,944","9,664",,Great Yarmouth,277,Eastern,"70,315","43,057","43,206","43,504",61.2,61.4,61.9,,149,,"10,025","8,603","8,305"
292,Harlow,E14000729,County,Eastern,Essex,"67,994","44,251","44,376","44,536",65.1,65.3,65.5,,125,,"9,631","8,603","8,443",,Harlow,292,Eastern,"67,583","43,878","44,027","44,322",64.9,65.1,65.6,,149,,"9,062","7,798","7,503"
297,Harwich and North Essex,E14000734,County,Eastern,Essex,"69,290","48,432","48,598","48,648",69.9,70.1,70.2,,166,,"10,202","8,472","8,422",,Harwich & Essex North,297,Eastern,"70,743","49,000","49,076","49,267",69.3,69.4,69.6,,76,,"8,860","7,532","7,341"
302,Hemel Hempstead,E14000739,County,Eastern,Hertfordshire,"74,616","49,633","49,827","50,254",66.5,66.8,67.4,,194,,"10,417","9,149","8,722",,Hemel Hempstead,302,Eastern,"72,752","49,471","49,526","49,759",68.0,68.1,68.4,,55,,"10,151","8,728","8,495"
308,Hertford and Stortford,E14000744,County,Eastern,Hertfordshire,"80,610","56,277","56,543","56,720",69.8,70.1,70.4,,266,,"13,468","11,166","10,989",,Hertford & Stortford,308,Eastern,"78,459","55,377","55,457","55,685",70.6,70.7,71.0,,80,,"13,157","11,246","11,018"
311,Hertsmere,E14000745,County,Eastern,Hertfordshire,"73,767","50,091","50,291","50,527",67.9,68.2,68.5,,200,,"11,241","8,177","7,941",,Hertsmere,311,Eastern,"73,057","47,270","47,410","47,434",64.7,64.9,64.9,,140,,"9,193","7,307","7,283"
315,Hitchin and Harpenden,E14000749,County,Eastern,Hertfordshire,"80,333","55,375","55,548","55,792",68.9,69.1,69.5,,173,,"13,190","12,077","11,833",,Hitchin & Harpenden,315,Eastern,"73,851","54,707","54,842","54,935",74.1,74.3,74.4,,135,,"13,397","11,043","10,950"
326,Huntingdon,E14000757,County,Eastern,Cambridgeshire,"82,593","55,927","56,104","56,233",67.7,67.9,68.1,,177,,"11,054","9,493","9,364",,Huntingdon,326,Eastern,"83,557","54,266","54,400","54,677",64.9,65.1,65.4,,134,,"10,108","8,220","7,943"
332,Ipswich,E14000761,Borough,Eastern,Suffolk,"74,499","48,694","48,833","49,398",65.4,65.5,66.3,,139,,"15,112","12,950","12,385",,Ipswich,332,Eastern,"75,770","46,941","47,030","47,491",62.0,62.1,62.7,,89,,"13,023","10,926","10,465"
380,Luton North,E14000800,Borough,Eastern,Bedfordshire,"67,329","42,571","42,862","43,141",63.2,63.7,64.1,,291,,"9,000","7,493","7,214",,Luton North,380,Eastern,"65,645","43,018","43,107","43,418",65.5,65.7,66.1,,89,,"7,044","5,809","5,498"
381,Luton South,E14000801,Borough,Eastern,Bedfordshire,"67,741","42,216","42,647","42,895",62.3,63.0,63.3,,431,,"7,907","6,426","6,178",,Luton South,381,Eastern,"65,219","42,216","42,335","42,579",64.7,64.9,65.3,,119,,"6,852","5,496","5,252"
386,Maldon,E14000806,County,Eastern,Essex,"69,066","48,045","48,220","48,479",69.6,69.8,70.2,,175,,"10,192","7,589","7,330",,Maldon,386,Eastern,"68,777","47,895","47,954","48,496",69.6,69.7,70.5,,59,,"7,987","6,677","6,135"
42,Mid Bedfordshire,E14000813,County,Eastern,Bedfordshire,"78,501","58,060","58,288","58,575",74.0,74.3,74.6,,228,,"13,088","11,368","11,081",,Bedfordshire Mid,42,Eastern,"76,310","54,897","54,983","55,734",71.9,72.1,73.0,,86,,"12,328","10,891","10,140"
421,Mid Norfolk,E14000816,County,Eastern,Norfolk,"77,154","52,212","52,451","52,618",67.7,68.0,68.2,,239,,"11,362","9,669","9,502",,Norfolk Mid,421,Eastern,"74,260","50,765","50,831","51,120",68.4,68.5,68.8,,66,,"9,302","8,417","8,128"
43,North East Bedfordshire,E14000841,County,Eastern,Bedfordshire,"83,551","58,672","58,867","59,370",70.2,70.5,71.1,,195,,"14,268","12,186","11,683",,Bedfordshire North East,43,Eastern,"78,060","55,552","55,635","56,042",71.2,71.3,71.8,,83,,"12,899","11,104","10,697"
120,North East Cambridgeshire,E14000842,County,Eastern,Cambridgeshire,"82,990","51,780","52,006","52,660",62.4,62.7,63.5,,226,,"12,658","10,882","10,228",,Cambridgeshire North East,120,Eastern,"73,224","52,064","52,132","52,344",71.1,71.2,71.5,,68,,"10,464","8,827","8,615"
309,North East Hertfordshire,E14000845,County,Eastern,Hertfordshire,"74,000","52,287","52,483","52,693",70.7,70.9,71.2,,196,,"11,784","10,000","9,790",,Hertfordshire North East,309,Eastern,"72,200","50,425","50,574","50,836",69.8,70.0,70.4,,149,,"11,207","9,181","8,919"
422,North Norfolk,E14000848,County,Eastern,Norfolk,"68,867","49,414","49,550","49,788",71.8,72.0,72.3,,136,,"9,321","8,363","8,125",,Norfolk North,422,Eastern,"67,851","49,661","49,737","49,998",73.2,73.3,73.7,,76,,"8,589","7,621","7,360"
121,North West Cambridgeshire,E14000855,County,Eastern,Cambridgeshire,"90,318","61,100","61,280","62,551",67.6,67.8,69.3,,180,,"11,732","10,944","9,673",,Cambridgeshire North West,121,Eastern,"88,851","58,283","58,441","58,729",65.6,65.8,66.1,,158,,"6,543","5,167","4,879"
423,North West Norfolk,E14000859,County,Eastern,Norfolk,"74,402","47,371","47,597","47,803",63.7,64.0,64.2,,226,,"11,144","9,757","9,551",,Norfolk North West,423,Eastern,"73,105","47,800","47,865","48,048",65.4,65.5,65.7,,65,,"11,895","10,161","9,978"
430,Norwich North,E14000863,Borough,Eastern,Norfolk,"64,515","43,592","43,765","43,929",67.6,67.8,68.1,,173,,"13,437","11,272","11,108",,Norwich North,430,Eastern,"64,814","42,573","42,613","43,170",65.7,65.7,66.6,,40,,"14,128","11,609","11,052"
431,Norwich South,E14000864,Borough,Eastern,Norfolk,"74,875","48,463","48,640","48,850",64.7,65.0,65.2,,177,,"16,353","14,033","13,823",,Norwich South,431,Eastern,"73,649","47,551","47,621","47,987",64.6,64.7,65.2,,70,,"17,056","14,592","14,226"
451,Peterborough,E14000878,Borough,Eastern,Cambridgeshire,"72,530","47,075","47,252","48,511",64.9,65.1,66.9,,177,,"12,867","11,734","10,475",,Peterborough,451,Eastern,"70,278","44,927","45,119","45,645",63.9,64.2,64.9,,192,,"12,398","9,905","9,379"
463,Rayleigh and Wickford,E14000888,County,Eastern,Essex,"77,174","53,220","53,356","53,661",69.0,69.1,69.5,,136,,"11,990","10,447","10,142",,Rayleigh & Wickford,463,Eastern,"75,661","52,343","52,459","52,614",69.2,69.3,69.5,,116,,"10,350","8,381","8,226"
476,Rochford and Southend East,E14000899,County,Eastern,Essex,"71,935","43,608","43,772","44,051",60.6,60.8,61.2,,164,,"9,730","8,435","8,156",,Rochford & Southend East,476,Eastern,"71,467","41,631","41,741","42,025",58.3,58.4,58.8,,110,,"9,028","7,042","6,758"
489,Saffron Walden,E14000910,County,Eastern,Essex,"80,615","57,563","57,782","58,326",71.4,71.7,72.4,,219,,"11,649","10,317","9,773",,Saffron Walden,489,Eastern,"76,035","54,369","54,438","54,721",71.5,71.6,72.0,,69,,"8,827","7,629","7,346"
33,South Basildon and East Thurrock,E14000933,County,Eastern,Essex,"71,155","45,593","45,699","45,886",64.1,64.2,64.5,,106,,"8,736","7,294","7,107",,Basildon South & Thurrock East,33,Eastern,"71,874","44,735","44,835","45,415",62.2,62.4,63.2,,100,,"8,454","6,217","5,637"
122,South Cambridgeshire,E14000934,County,Eastern,Cambridgeshire,"84,132","61,540","61,799","62,102",73.1,73.5,73.8,,259,,"12,223","10,961","10,658",,Cambridgeshire South,122,Eastern,"78,995","59,056","59,162","59,465",74.8,74.9,75.3,,106,,"9,812","8,595","8,292"
123,South East Cambridgeshire,E14000937,County,Eastern,Cambridgeshire,"84,570","59,506","59,709","60,113",70.4,70.6,71.1,,203,,"10,940","9,506","9,102",,Cambridgeshire South East,123,Eastern,"83,068","57,602","57,724","58,011",69.3,69.5,69.8,,122,,"8,999","7,543","7,256"
424,South Norfolk,E14000941,County,Eastern,Norfolk,"80,721","57,123","57,344","57,680",70.8,71.0,71.5,,221,,"14,546","12,835","12,499",,Norfolk South,424,Eastern,"76,179","54,993","55,077","55,213",72.2,72.3,72.5,,84,,"12,625","10,802","10,666"
549,South Suffolk,E14000946,County,Eastern,Suffolk,"73,836","51,907","52,086","52,181",70.3,70.5,70.7,,179,,"9,286","7,787","7,692",,Suffolk South,549,Eastern,"72,498","51,416","51,503","51,622",70.9,71.0,71.2,,87,,"8,114","6,967","6,848"
44,South West Bedfordshire,E14000949,County,Eastern,Bedfordshire,"79,285","51,304","51,548","51,872",64.7,65.0,65.4,,244,,"10,827","9,274","8,950",,Bedfordshire South West,44,Eastern,"76,559","50,774","50,873","51,262",66.3,66.4,67.0,,99,,"10,076","8,545","8,156"
310,South West Hertfordshire,E14000951,County,Eastern,Hertfordshire,"79,668","57,267","57,441","57,625",71.9,72.1,72.3,,174,,"11,508","9,829","9,645",,Hertfordshire South West,310,Eastern,"78,248","56,750","56,878","57,051",72.5,72.7,72.9,,128,,"10,099","8,703","8,530"
425,South West Norfolk,E14000952,County,Eastern,Norfolk,"76,970","50,110","50,302","50,464",65.1,65.4,65.6,,192,,"9,959","8,621","8,459",,Norfolk South West,425,Eastern,"73,758","49,150","49,214","49,396",66.6,66.7,67.0,,64,,"9,500","8,140","7,958"
525,Southend West,E14000957,Borough,Eastern,Essex,"66,876","44,509","44,654","44,933",66.6,66.8,67.2,,145,,"9,468","8,339","8,060",,Southend West,525,Eastern,"66,918","43,606","43,668","43,897",65.2,65.3,65.6,,62,,"8,856","7,102","6,873"
490,St Albans,E14000960,County,Eastern,Hertfordshire,"75,825","54,433","54,589","54,930",71.8,72.0,72.4,,156,,"12,165","10,937","10,596",,St Albans,490,Eastern,"70,058","52,835","52,990","53,355",75.4,75.6,76.2,,155,,"10,880","9,046","8,681"
532,Stevenage,E14000968,County,Eastern,Hertfordshire,"70,597","47,799","47,926","49,033",67.7,67.9,69.5,,127,,"23,906","21,479","20,372",,Stevenage,532,Eastern,"68,937","44,651","44,752","45,560",64.8,64.9,66.1,,101,,"23,814","20,588","19,780"
548,Suffolk Coastal,E14000981,County,Eastern,Suffolk,"77,816","55,594","55,762","56,149",71.4,71.7,72.2,,168,,"14,663","12,909","12,522",,Suffolk Coastal,548,Eastern,"76,572","54,893","55,081","55,530",71.7,71.9,72.5,,188,,"12,813","10,878","10,429"
571,Thurrock,E14000995,Borough,Eastern,Essex,"77,559","49,564","49,690","50,602",63.9,64.1,65.2,,126,,"11,923","10,711","9,799",,Thurrock,571,Eastern,"77,758","45,821","45,989","46,398",58.9,59.1,59.7,,168,,"10,011","7,633","7,224"
604,Watford,E14001021,Borough,Eastern,Hertfordshire,"83,535","56,149","56,360","56,596",67.2,67.5,67.8,,211,,"14,322","12,432","12,196",,Watford,604,Eastern,"80,798","55,208","55,410","55,695",68.3,68.6,68.9,,202,,"13,271","11,039","10,754"
605,Waveney,E14001022,County,Eastern,Suffolk,"80,166","52,196","52,339","52,759",65.1,65.3,65.8,,143,,"13,654","11,896","11,476",,Waveney,605,Eastern,"78,532","51,141","51,229","51,494",65.1,65.2,65.6,,88,,"11,029","9,305","9,040"
610,Welwyn Hatfield,E14001027,County,Eastern,Hertfordshire,"73,247","50,205","50,376","50,886",68.5,68.8,69.5,,171,,"12,317","11,320","10,810",,Welwyn Hatfield,610,Eastern,"72,058","48,972","49,079","49,571",68.0,68.1,68.8,,107,,"12,883","11,321","10,829"
550,West Suffolk,E14001034,County,Eastern,Suffolk,"76,198","49,232","49,429","49,533",64.6,64.9,65.0,,197,,"11,443","9,606","9,502",,Suffolk West,550,Eastern,"74,374","48,089","48,170","48,532",64.7,64.8,65.3,,81,,"10,182","8,760","8,398"
626,Witham,E14001045,County,Eastern,Essex,"67,090","47,168","47,335","47,504",70.3,70.6,70.8,,167,,"9,834","8,571","8,402",,Witham,626,Eastern,"66,969","46,835","46,924","47,187",69.9,70.1,70.5,,89,,"9,776","7,854","7,591"
28,Barking,E14000540,Borough,London,London,"73,977","43,041","43,152","43,498",58.2,58.3,58.8,,111,,"10,384","8,354","8,008",,Barking,28,London,"73,868","45,343","45,605","45,760",61.4,61.7,61.9,,262,,"10,684","7,954","7,799"
38,Battersea,E14000549,Borough,London,London,"76,111","51,031","51,172","51,539",67.0,67.2,67.7,,141,,"14,526","12,321","11,954",,Battersea,38,London,"74,311","48,792","48,879","49,070",65.7,65.8,66.0,,87,,"12,708","10,476","10,285"
40,Beckenham,E14000551,Borough,London,London,"67,439","48,803","48,922","49,049",72.4,72.5,72.7,,119,,"10,787","9,621","9,494",,Beckenham,40,London,"66,219","47,686","47,796","48,013",72.0,72.2,72.5,,110,,"8,245","6,714","6,497"
49,Bermondsey and Old Southwark,E14000553,Borough,London,London,"83,298","51,424","51,630","52,144",61.7,62.0,62.6,,206,,"11,937","9,699","9,185",,Bermondsey & Old Southwark,49,London,"77,628","44,651","44,792","45,209",57.5,57.7,58.2,,141,,"10,332","7,911","7,494"
52,Bethnal Green and Bow,E14000555,Borough,London,London,"82,727","52,924","53,187","53,939",64.0,64.3,65.2,,263,,"12,771","9,437","8,685",,Bethnal Green & Bow,52,London,"81,243","50,728","51,390","52,068",62.4,63.3,64.1,,662,,"11,204","8,768","8,090"
55,Bexleyheath and Crayford,E14000558,Borough,London,London,"64,828","43,685","43,795","43,988",67.4,67.6,67.9,,110,,"10,020","8,414","8,221",,Bexleyheath & Crayford,55,London,"65,015","43,182","43,299","43,963",66.4,66.6,67.6,,117,,"9,667","7,619","6,955"
90,Brent Central,E14000591,Borough,London,London,"77,038","47,032","47,292","47,516",61.1,61.4,61.7,,260,,"7,636","6,131","5,907",,Brent Central,90,London,"74,046","45,323","45,785","46,021",61.2,61.8,62.2,,462,,"5,713","4,443","4,207"
91,Brent North,E14000592,Borough,London,London,"82,196","52,235","52,526","52,747",63.5,63.9,64.2,,291,,"10,022","8,155","7,934",,Brent North,91,London,"83,896","52,298","52,750","53,113",62.3,62.9,63.3,,452,,"8,067","6,369","6,006"
92,Brentford and Isleworth,E14000593,Borough,London,London,"84,602","57,355","57,502","57,746",67.8,68.0,68.3,,147,,"12,400","10,604","10,360",,Brentford & Isleworth,92,London,"83,546","53,765","54,070","55,014",64.4,64.7,65.8,,305,,"12,122","10,501","9,557"
104,Bromley and Chislehurst,E14000604,Borough,London,London,"65,477","44,066","44,197","44,349",67.3,67.5,67.7,,131,,"9,804","8,572","8,420",,Bromley & Chislehurst,104,London,"65,427","44,037","44,131","44,358",67.3,67.5,67.8,,94,,"8,384","6,698","6,471"
117,Camberwell and Peckham,E14000615,Borough,London,London,"82,746","51,561","51,779","52,180",62.3,62.6,63.1,,218,,"9,848","7,961","7,560",,Camberwell & Peckham,117,London,"78,627","46,659","46,938","47,253",59.3,59.7,60.1,,279,,"9,471","7,389","7,074"
133,Carshalton and Wallington,E14000621,Borough,London,London,"69,981","47,613","47,744","47,863",68.0,68.2,68.4,,131,,"11,226","9,856","9,737",,Carshalton & Wallington,133,London,"66,524","45,918","46,040","46,388",69.0,69.2,69.7,,122,,"11,817","9,883","9,535"
140,Chelsea and Fulham,E14000629,Borough,London,London,"63,478","40,226","40,359","40,588",63.4,63.6,63.9,,133,,"11,180","9,154","8,925",,Chelsea & Fulham,140,London,"66,257","39,856","40,048","40,456",60.2,60.4,61.1,,192,,"10,158","7,911","7,503"
146,Chingford and Woodford Green,E14000634,Borough,London,London,"66,680","43,804","43,933","44,305",65.7,65.9,66.4,,129,,"9,699","8,242","7,870",,Chingford & Woodford Green,146,London,"64,831","43,106","43,262","43,562",66.5,66.7,67.2,,156,,"8,768","7,255","6,955"
148,Chipping Barnet,E14000636,Borough,London,London,"77,807","53,013","53,152","53,394",68.1,68.3,68.6,,139,,"13,980","11,646","11,404",,Chipping Barnet,148,London,"75,120","50,608","50,797","50,927",67.4,67.6,67.8,,189,,"13,735","10,221","10,091"
151,Cities of London and Westminster,E14000639,Borough,London,London,"60,992","36,185","36,352","36,487",59.3,59.6,59.8,,167,,"9,295","7,382","7,247",,Cities of London & Westminster,151,London,"66,849","36,931","37,168","37,280",55.2,55.6,55.8,,237,,"10,109","6,300","6,188"
170,Croydon Central,E14000654,Borough,London,London,"78,171","52,941","53,043","53,233",67.7,67.9,68.1,,102,,"13,103","10,032","9,842",,Croydon Central,170,London,"76,349","49,667","49,821","49,929",65.1,65.3,65.4,,154,,"10,756","8,886","8,778"
171,Croydon North,E14000655,Borough,London,London,"85,941","53,522","53,710","53,934",62.3,62.5,62.8,,188,,"11,677","8,701","8,477",,Croydon North,171,London,"85,216","51,676","51,871","52,046",60.6,60.9,61.1,,195,,"9,390","7,376","7,201"
172,Croydon South,E14000656,Borough,London,London,"82,010","57,712","57,858","58,053",70.4,70.5,70.8,,146,,"15,170","11,947","11,752",,Croydon South,172,London,"81,303","56,322","56,488","56,694",69.3,69.5,69.7,,166,,"12,163","10,191","9,985"
175,Dagenham and Rainham,E14000657,Borough,London,London,"69,128","43,050","43,133","43,427",62.3,62.4,62.8,,83,,"9,589","4,823","4,529",,Dagenham & Rainham,175,London,"69,764","44,232","44,398","45,175",63.4,63.6,64.8,,166,,"8,846","4,856","4,079"
206,Dulwich and West Norwood,E14000673,Borough,London,London,"76,575","51,362","51,548","51,846",67.1,67.3,67.7,,186,,"10,250","8,483","8,185",,Dulwich & West Norwood,206,London,"72,817","48,214","48,422","48,673",66.2,66.5,66.8,,208,,"9,843","7,856","7,605"
218,Ealing Central and Acton,E14000674,Borough,London,London,"71,422","50,894","51,059","51,417",71.3,71.5,72.0,,165,,"9,722","8,432","8,074",,Ealing Central & Acton,218,London,"70,251","47,200","47,418","47,599",67.2,67.5,67.8,,218,,"6,753","5,525","5,344"
219,Ealing North,E14000675,Borough,London,London,"73,881","48,510","48,708","49,179",65.7,65.9,66.6,,198,,"7,492","6,323","5,852",,Ealing North,219,London,"73,104","47,678","47,966","48,134",65.2,65.6,65.8,,288,,"5,202","4,282","4,114"
220,"Ealing, Southall",E14000676,Borough,London,London,"65,606","43,321","43,503","44,075",66.0,66.3,67.2,,182,,"7,306","5,974","5,402",,Ealing Southall,220,London,"66,970","42,756","43,224","43,363",63.8,64.5,64.7,,468,,"6,590","4,852","4,713"
222,East Ham,E14000679,Borough,London,London,"87,382","52,290","52,501","52,822",59.8,60.1,60.4,,211,,"10,634","8,547","8,226",,East Ham,222,London,"90,674","50,373","50,902","51,449",55.6,56.1,56.7,,529,,"10,357","7,659","7,112"
233,Edmonton,E14000687,Borough,London,London,"66,016","41,338","41,499","41,702",62.6,62.9,63.2,,161,,"6,331","5,270","5,067",,Edmonton,233,London,"63,904","40,377","40,711","41,116",63.2,63.7,64.3,,334,,"6,830","5,204","4,799"
236,Eltham,E14000690,Borough,London,London,"63,998","43,157","43,254","43,409",67.4,67.6,67.8,,97,,"9,257","8,078","7,923",,Eltham,236,London,"62,590","41,964","42,141","42,358",67.0,67.3,67.7,,177,,"8,064","6,808","6,591"
237,Enfield North,E14000691,Borough,London,London,"68,118","46,137","46,254","46,409",67.7,67.9,68.1,,117,,"8,826","7,654","7,499",,Enfield North,237,London,"66,261","44,453","44,651","45,009",67.1,67.4,67.9,,198,,"8,503","7,085","6,727"
238,"Enfield, Southgate",E14000692,Borough,London,London,"64,937","45,812","45,942","46,084",70.5,70.7,71.0,,130,,"8,481","7,359","7,217",,Enfield Southgate,238,London,"64,139","44,352","44,573","44,942",69.1,69.5,70.1,,221,,"8,618","7,108","6,739"
242,Erith and Thamesmead,E14000696,Borough,London,London,"70,397","42,617","42,714","42,912",60.5,60.7,61.0,,97,,"9,431","7,438","7,240",,Erith & Thamesmead,242,London,"69,900","42,476","42,673","43,401",60.8,61.0,62.1,,197,,"8,891","6,733","6,005"
248,Feltham and Heston,E14000701,Borough,London,London,"82,340","49,405","49,547","49,851",60.0,60.2,60.5,,142,,"11,482","9,594","9,290",,Feltham & Heston,248,London,"81,058","48,536","48,909","49,445",59.9,60.3,61.0,,373,,"12,457","10,145","9,609"
252,Finchley and Golders Green,E14000703,Borough,London,London,"72,530","50,759","50,892","51,207",70.0,70.2,70.6,,133,,"14,200","11,799","11,484",,Finchley & Golders Green,252,London,"70,722","47,157","47,355","47,453",66.7,67.0,67.1,,198,,"13,235","9,697","9,599"
278,Greenwich and Woolwich,E14000718,Borough,London,London,"73,315","46,716","46,887","47,167",63.7,64.0,64.3,,171,,"10,149","8,534","8,254",,Greenwich & Woolwich,278,London,"65,489","41,188","41,368","41,585",62.9,63.2,63.5,,180,,"7,953","6,228","6,011"
280,Hackney North and Stoke Newington,E14000720,Borough,London,London,"88,153","49,887","50,089","50,625",56.6,56.8,57.4,,202,,"15,429","12,267","11,731",,Hackney North & Stoke Newington,280,London,"73,906","46,461","46,811","47,791",62.9,63.3,64.7,,350,,"17,965","13,609","12,629"
281,Hackney South and Shoreditch,E14000721,Borough,London,London,"84,971","47,580","47,771","48,357",56.0,56.2,56.9,,191,,"11,989","9,776","9,190",,Hackney South & Shoreditch,281,London,"72,841","42,858","43,279","44,073",58.8,59.4,60.5,,421,,"14,555","10,535","9,741"
286,Hammersmith,E14000726,Borough,London,London,"72,254","47,960","48,130","48,435",66.4,66.6,67.0,,170,,"12,180","10,196","9,891",,Hammersmith,286,London,"72,348","47,452","47,666","48,021",65.6,65.9,66.4,,214,,"9,122","7,549","7,194"
290,Hampstead and Kilburn,E14000727,Borough,London,London,"80,195","53,964","54,148","54,349",67.3,67.5,67.8,,184,,"12,851","10,922","10,721",,Hampstead & Kilburn,290,London,"80,373","52,822","53,048","53,157",65.7,66.0,66.1,,226,,"11,940","9,505","9,396"
294,Harrow East,E14000731,Borough,London,London,"70,981","49,000","49,143","49,542",69.0,69.2,69.8,,143,,"14,215","12,147","11,748",,Harrow East,294,London,"70,510","48,006","48,224","49,193",68.1,68.4,69.8,,218,,"11,653","9,845","8,876"
295,Harrow West,E14000732,Borough,London,London,"69,644","46,603","46,739","47,094",66.9,67.1,67.6,,136,,"12,278","10,413","10,058",,Harrow West,295,London,"68,554","46,116","46,275","47,244",67.3,67.5,68.9,,159,,"10,141","8,718","7,749"
300,Hayes and Harlington,E14000737,Borough,London,London,"74,874","45,056","45,198","45,330",60.2,60.4,60.5,,142,,"8,756","7,076","6,944",,Hayes & Harlington,300,London,"70,231","42,637","42,916","43,223",60.7,61.1,61.5,,279,,"7,787","5,541","5,234"
304,Hendon,E14000741,Borough,London,London,"75,285","49,630","49,765","50,043",65.9,66.1,66.5,,135,,"15,505","12,826","12,548",,Hendon,304,London,"72,943","46,374","46,547","46,667",63.6,63.8,64.0,,173,,"14,359","10,622","10,502"
316,Holborn and St Pancras,E14000750,Borough,London,London,"86,764","54,917","55,136","55,306",63.3,63.5,63.7,,219,,"11,467","9,350","9,180",,Holborn & St Pancras,316,London,"86,563","54,649","54,951","55,095",63.1,63.5,63.6,,302,,"11,446","8,977","8,833"
317,Hornchurch and Upminster,E14000751,Borough,London,London,"79,331","55,236","55,325","55,501",69.6,69.7,70.0,,89,,"12,276","10,604","10,428",,Hornchurch & Upminster,317,London,"78,547","53,390","53,546","54,055",68.0,68.2,68.8,,156,,"10,056","8,314","7,805"
318,Hornsey and Wood Green,E14000752,Borough,London,London,"79,247","57,785","57,962","58,160",72.9,73.1,73.4,,177,,"11,175","9,718","9,520",,Hornsey & Wood Green,318,London,"78,748","55,042","55,287","55,459",69.9,70.2,70.4,,245,,"10,433","7,952","7,780"
328,Ilford North,E14000759,Borough,London,London,"75,294","48,932","49,037","49,111",65.0,65.1,65.2,,105,,"10,920","8,714","8,640",,Ilford North,328,London,"72,372","47,018","47,215","48,170",65.0,65.2,66.6,,197,,"10,333","8,054","7,099"
329,Ilford South,E14000760,Borough,London,London,"91,987","51,912","52,076","52,525",56.4,56.6,57.1,,164,,"11,508","8,724","8,275",,Ilford South,329,London,"86,220","51,191","51,544","52,826",59.4,59.8,61.3,,353,,"10,697","8,208","6,926"
334,Islington North,E14000763,Borough,London,London,"73,326","49,234","49,432","49,725",67.1,67.4,67.8,,198,,"9,945","8,335","8,042",,Islington North,334,London,"68,119","44,554","44,688","45,548",65.4,65.6,66.9,,134,,"9,058","7,694","6,834"
335,Islington South and Finsbury,E14000764,Borough,London,London,"68,127","44,270","44,421","44,706",65.0,65.2,65.6,,151,,"10,200","8,377","8,092",,Islington South & Finsbury,335,London,"67,650","43,555","43,725","44,595",64.4,64.6,65.9,,170,,"9,578","8,285","7,415"
340,Kensington,E14000768,Borough,London,London,"61,133","34,828","34,967","35,162",57.0,57.2,57.5,,139,,"8,612","6,587","6,392",,Kensington,340,London,"65,975","35,150","35,405","35,869",53.3,53.7,54.4,,255,,"8,909","6,484","6,020"
343,Kingston and Surbiton,E14000770,Borough,London,London,"81,238","59,253","59,390","59,714",72.9,73.1,73.5,,137,,"16,010","14,107","13,783",,Kingston & Surbiton,343,London,"81,115","57,111","57,262","57,616",70.4,70.6,71.0,,151,,"14,693","12,070","11,716"
364,Lewisham East,E14000787,Borough,London,London,"66,913","42,923","43,056","43,303",64.1,64.3,64.7,,133,,"8,946","7,602","7,355",,Lewisham East,364,London,"65,926","41,719","41,923","42,181",63.3,63.6,64.0,,204,,"8,166","6,693","6,435"
365,Lewisham West and Penge,E14000788,Borough,London,London,"72,290","48,125","48,284","48,516",66.6,66.8,67.1,,159,,"8,708","7,544","7,312",,Lewisham West & Penge,365,London,"69,022","45,028","45,233","45,392",65.2,65.5,65.8,,205,,"4,686","3,882","3,723"
363,"Lewisham, Deptford",E14000789,Borough,London,London,"73,428","47,426","47,648","47,889",64.6,64.9,65.2,,222,,"8,633","7,257","7,016",,Lewisham Deptford,363,London,"67,058","41,220","41,546","41,891",61.5,62.0,62.5,,326,,"7,428","5,894","5,549"
366,Leyton and Wanstead,E14000790,Borough,London,London,"64,580","40,703","40,874","41,351",63.0,63.3,64.0,,171,,"9,381","7,378","6,901",,Leyton & Wanstead,366,London,"63,541","40,159","40,396","40,962",63.2,63.6,64.5,,237,,"8,986","7,242","6,676"
399,Mitcham and Morden,E14000823,Borough,London,London,"68,474","45,142","45,289","45,457",65.9,66.1,66.4,,147,,"7,482","6,302","6,134",,Mitcham & Morden,399,London,"65,939","43,797","43,989","44,598",66.4,66.7,67.6,,192,,"5,864","5,403","4,794"
438,Old Bexley and Sidcup,E14000869,Borough,London,London,"66,035","46,748","46,853","47,219",70.8,71.0,71.5,,105,,"9,824","8,316","7,950",,Old Bexley & Sidcup,438,London,"65,699","45,492","45,664","46,243",69.2,69.5,70.4,,172,,"8,875","6,896","6,317"
442,Orpington,E14000872,Borough,London,London,"68,129","49,032","49,126","49,251",72.0,72.1,72.3,,94,,"10,310","9,168","9,043",,Orpington,442,London,"67,732","48,911","49,021","49,204",72.2,72.4,72.6,,110,,"8,064","6,745","6,562"
456,Poplar and Limehouse,E14000882,Borough,London,London,"82,081","51,044","51,246","52,028",62.2,62.4,63.4,,202,,"13,962","10,857","10,075",,Poplar & Limehouse,456,London,"74,955","46,700","47,413","48,001",62.3,63.3,64.0,,713,,"12,017","9,304","8,716"
462,Putney,E14000887,Borough,London,London,"63,923","42,813","42,928","43,145",67.0,67.2,67.5,,115,,"12,831","10,560","10,343",,Putney,462,London,"63,371","40,785","40,882","41,067",64.4,64.5,64.8,,97,,"11,064","9,054","8,869"
473,Richmond Park,E14000896,Borough,London,London,"77,303","59,101","59,247","59,573",76.5,76.6,77.1,,146,,"15,997","14,287","13,961",,Richmond Park,473,London,"77,751","59,268","59,398","59,833",76.2,76.4,77.0,,130,,"15,893","11,642","11,207"
477,Romford,E14000900,Borough,London,London,"72,594","49,178","49,337","49,489",67.7,68.0,68.2,,159,,"11,917","10,224","10,072",,Romford,477,London,"71,306","46,481","46,658","47,164",65.2,65.4,66.1,,177,,"10,565","8,524","8,018"
484,"Ruislip, Northwood and Pinner",E14000906,Borough,London,London,"73,216","51,222","51,381","51,497",70.0,70.2,70.3,,159,,"12,403","10,430","10,314",,"Ruislip, Northwood & Pinner",484,London,"70,873","50,205","50,357","50,507",70.8,71.1,71.3,,152,,"8,635","6,386","6,236"
544,Streatham,E14000978,Borough,London,London,"79,137","49,933","50,088","50,347",63.1,63.3,63.6,,155,,"9,434","7,735","7,476",,Streatham,544,London,"74,532","46,837","47,059","47,357",62.8,63.1,63.5,,222,,"9,497","7,277","6,979"
556,Sutton and Cheam,E14000984,Borough,London,London,"69,228","49,905","50,021","50,142",72.1,72.3,72.4,,116,,"12,444","11,102","10,981",,Sutton & Cheam,556,London,"66,658","48,508","48,697","49,097",72.8,73.1,73.7,,189,,"13,408","11,427","11,027"
574,Tooting,E14000998,Borough,London,London,"76,782","53,529","53,741","53,890",69.7,70.0,70.2,,212,,"12,953","10,804","10,655",,Tooting,574,London,"73,840","50,655","50,740","50,944",68.6,68.7,69.0,,85,,"10,943","9,196","8,992"
578,Tottenham,E14001002,Borough,London,London,"70,803","42,558","42,771","42,883",60.1,60.4,60.6,,213,,"7,228","5,861","5,749",,Tottenham,578,London,"68,834","40,687","41,044","41,203",59.1,59.6,59.9,,357,,"6,622","4,885","4,726"
581,Twickenham,E14001005,Borough,London,London,"80,250","62,004","62,126","62,379",77.3,77.4,77.7,,122,,"15,142","13,584","13,331",,Twickenham,581,London,"80,569","59,721","59,846","60,164",74.1,74.3,74.7,,125,,"14,690","11,484","11,166"
587,Uxbridge and South Ruislip,E14001007,Borough,London,London,"70,631","44,811","44,914","45,015",63.4,63.6,63.7,,103,,"9,878","8,181","8,080",,Uxbridge & Ruislip South,587,London,"71,160","45,076","45,222","45,447",63.3,63.5,63.9,,146,,"8,334","6,714","6,489"
590,Vauxhall,E14001008,Borough,London,London,"82,231","47,941","48,175","48,459",58.3,58.6,58.9,,234,,"9,921","7,753","7,469",,Vauxhall,590,London,"74,811","43,191","43,458","44,144",57.7,58.1,59.0,,267,,"9,593","7,265","6,579"
595,Walthamstow,E14001013,Borough,London,London,"67,015","41,796","41,977","42,373",62.4,62.6,63.2,,181,,"7,990","6,457","6,061",,Walthamstow,595,London,"64,625","40,994","41,297","41,635",63.4,63.9,64.4,,303,,"8,126","7,030","6,692"
614,West Ham,E14001032,Borough,London,London,"90,640","52,793","53,010","53,315",58.2,58.5,58.8,,217,,"10,914","8,646","8,341",,West Ham,614,London,"85,313","46,951","47,458","47,952",55.0,55.6,56.2,,507,,"10,196","7,653","7,159"
615,Westminster North,E14001036,Borough,London,London,"62,346","39,514","39,700","40,144",63.4,63.7,64.4,,186,,"9,132","7,677","7,233",,Westminster North,615,London,"66,739","39,598","39,895","40,028",59.3,59.8,60.0,,297,,"7,615","5,115","4,982"
621,Wimbledon,E14001040,Borough,London,London,"65,853","48,422","48,566","48,712",73.5,73.7,74.0,,144,,"10,377","9,173","9,027",,Wimbledon,621,London,"65,723","47,395","47,539","48,199",72.1,72.3,73.3,,144,,"9,020","8,365","7,705"
50,Berwick-upon-Tweed,E14000554,County,North East,Northumberland,"56,969","40,423","40,501","40,762",71.0,71.1,71.6,,78,,"8,910","8,116","7,855",,Berwick-upon-Tweed,50,North East,"56,578","38,439","38,523","38,728",67.9,68.1,68.5,,84,,"7,529","6,580","6,375"
66,Bishop Auckland,E14000569,County,North East,Durham,"66,070","39,389","39,457","39,677",59.6,59.7,60.1,,68,,"12,415","10,715","10,495",,Bishop Auckland,66,North East,"68,368","41,136","41,209","41,594",60.2,60.3,60.8,,73,,"13,072","10,850","10,465"
72,Blaydon,E14000574,Borough,North East,Tyne and Wear,"67,901","44,936","45,032","45,734",66.2,66.3,67.4,,96,,"24,280","20,989","20,287",,Blaydon,72,North East,"67,808","44,913","45,070","45,889",66.2,66.5,67.7,,157,,"21,424","18,374","17,555"
73,Blyth Valley,E14000575,Borough,North East,Northumberland,"61,247","38,461","38,502","39,094",62.8,62.9,63.8,,41,,"17,848","15,790","15,198",,Blyth Valley,73,North East,"62,900","38,566","38,615","39,346",61.3,61.4,62.6,,49,,"21,875","18,479","17,748"
214,City of Durham,E14000641,County,North East,Durham,"68,725","45,669","45,785","45,987",66.5,66.6,66.9,,116,,"13,610","11,975","11,773",,"Durham, City of",214,North East,"68,832","46,252","46,313","46,807",67.2,67.3,68.0,,61,,"14,783","12,720","12,226"
176,Darlington,E14000658,Borough,North East,Durham,"65,851","41,141","41,304","41,474",62.5,62.7,63.0,,163,,"13,435","11,652","11,482",,Darlington,176,North East,"68,168","42,896","42,959","43,274",62.9,63.0,63.5,,63,,"14,484","12,582","12,267"
221,Easington,E14000677,County,North East,Durham,"61,659","34,624","34,677","34,949",56.2,56.2,56.7,,53,,"13,545","11,508","11,236",,Easington,221,North East,"63,879","34,914","34,977","35,568",54.7,54.8,55.7,,63,,"16,235","12,877","12,286"
259,Gateshead,E14000709,Borough,North East,Tyne and Wear,"64,524","37,949","38,045","38,935",58.8,59.0,60.3,,96,,"19,789","16,617","15,727",,Gateshead,259,North East,"66,492","38,257","38,343","39,256",57.5,57.7,59.0,,86,,"18,540","15,283","14,370"
296,Hartlepool,E14000733,Borough,North East,Cleveland,"69,947","39,490","39,602","39,934",56.5,56.6,57.1,,112,,"9,962","8,746","8,414",,Hartlepool,296,North East,"68,927","38,242","38,388","38,696",55.5,55.7,56.1,,146,,"11,390","9,767","9,459"
312,Hexham,E14000746,County,North East,Northumberland,"59,708","43,345","43,427","43,772",72.6,72.7,73.3,,82,,"12,556","11,500","11,155",,Hexham,312,North East,"60,360","43,483","43,543","43,889",72.0,72.1,72.7,,60,,"12,960","11,265","10,919"
320,Houghton and Sunderland South,E14000754,Borough,North East,Tyne and Wear,"68,324","38,489","38,664","38,793",56.3,56.6,56.8,,175,,"29,602","23,079","22,950",,Houghton & Sunderland South,320,North East,"68,729","38,021","38,251","38,867",55.3,55.7,56.6,,230,,"26,707","20,665","20,049"
337,Jarrow,E14000765,Borough,North East,Tyne and Wear,"64,002","38,564","38,671","39,071",60.3,60.4,61.0,,107,,"21,189","17,063","16,663",,Jarrow,337,North East,"64,350","38,784","38,897","39,850",60.3,60.4,61.9,,113,,"22,713","18,351","17,398"
394,Middlesbrough,E14000819,Borough,North East,Cleveland,"61,873","32,706","32,880","33,185",52.9,53.1,53.6,,174,,"7,367","5,599","5,294",,Middlesbrough,394,North East,"65,148","33,455","33,517","33,811",51.4,51.4,51.9,,62,,"8,555","6,616","6,322"
395,Middlesbrough South and East Cleveland,E14000820,County,North East,Cleveland,"71,154","45,677","45,835","46,540",64.2,64.4,65.4,,158,,"11,452","10,309","9,604",,Middlesbrough South & Cleveland East,395,North East,"72,666","46,214","46,271","46,539",63.6,63.7,64.0,,57,,"12,635","10,659","10,391"
414,Newcastle upon Tyne Central,E14000831,Borough,North East,Tyne and Wear,"58,147","35,085","35,182","36,351",60.3,60.5,62.5,,97,,"20,975","18,400","17,231",,Newcastle upon Tyne Central,414,North East,"60,507","34,157","34,249","34,934",56.5,56.6,57.7,,92,,"20,849","16,549","15,864"
415,Newcastle upon Tyne East,E14000832,Borough,North East,Tyne and Wear,"64,243","39,222","39,349","40,588",61.1,61.3,63.2,,127,,"19,354","17,471","16,232",,Newcastle upon Tyne East,415,North East,"64,487","37,840","37,914","38,368",58.7,58.8,59.5,,74,,"19,188","15,534","15,080"
416,Newcastle upon Tyne North,E14000833,Borough,North East,Tyne and Wear,"67,902","44,891","45,046","45,625",66.1,66.3,67.2,,155,,"27,868","23,887","23,308",,Newcastle upon Tyne North,416,North East,"67,110","43,946","44,014","44,575",65.5,65.6,66.4,,68,,"27,277","22,774","22,213"
215,North Durham,E14000840,County,North East,Durham,"65,359","40,146","40,206","40,483",61.4,61.5,61.9,,60,,"15,610","13,268","12,991",,Durham North,215,North East,"67,544","40,967","41,040","41,468",60.7,60.8,61.4,,73,,"17,985","14,623","14,195"
583,North Tyneside,E14000853,Borough,North East,Tyne and Wear,"79,300","46,818","46,955","47,513",59.0,59.2,59.9,,137,,"18,629","16,536","15,978",,Tyneside North,583,North East,"77,690","46,405","46,529","47,466",59.7,59.9,61.1,,124,,"20,786","17,615","16,678"
216,North West Durham,E14000856,County,North East,Durham,"69,816","42,818","42,912","43,133",61.3,61.5,61.8,,94,,"15,421","13,237","13,016",,Durham North West,216,North East,"70,350","43,815","43,900","44,408",62.3,62.4,63.1,,85,,"18,266","14,816","14,308"
466,Redcar,E14000891,Borough,North East,Cleveland,"64,826","40,919","41,082","41,456",63.1,63.4,63.9,,163,,"10,614","9,418","9,044",,Redcar,466,North East,"67,127","41,963","42,008","42,269",62.5,62.6,63.0,,45,,"12,149","10,539","10,278"
499,Sedgefield,E14000915,County,North East,Durham,"62,844","38,716","38,812","39,056",61.6,61.8,62.1,,96,,"13,442","11,787","11,543",,Sedgefield,499,North East,"64,728","40,222","40,298","41,099",62.1,62.3,63.5,,76,,"15,580","13,105","12,304"
522,South Shields,E14000944,Borough,North East,Tyne and Wear,"62,730","36,265","36,346","36,676",57.8,57.9,58.5,,81,,"20,753","16,869","16,539",,South Shields,522,North East,"64,084","36,518","36,629","37,417",57.0,57.2,58.4,,111,,"23,222","18,422","17,634"
535,Stockton North,E14000970,Borough,North East,Cleveland,"66,126","39,571","39,783","39,856",59.8,60.2,60.3,,212,,"14,336","11,850","11,777",,Stockton North,535,North East,"66,752","39,498","39,537","39,938",59.2,59.2,59.8,,39,,"14,416","12,255","11,854"
536,Stockton South,E14000971,Borough,North East,Cleveland,"75,111","51,797","51,944","52,018",69.0,69.2,69.3,,147,,"18,980","16,338","16,264",,Stockton South,536,North East,"73,840","50,284","50,332","50,766",68.1,68.2,68.8,,48,,"18,055","15,789","15,355"
551,Sunderland Central,E14000982,Borough,North East,Tyne and Wear,"72,950","41,762","41,928","41,966",57.2,57.5,57.5,,166,,"29,967","23,522","23,484",,Sunderland Central,551,North East,"74,485","42,463","42,682","43,096",57.0,57.3,57.9,,219,,"27,881","21,814","21,400"
582,Tynemouth,E14001006,Borough,North East,Tyne and Wear,"77,524","53,495","53,621","54,115",69.0,69.2,69.8,,126,,"18,032","16,331","15,837",,Tynemouth,582,North East,"75,680","52,668","52,756","53,100",69.6,69.7,70.2,,88,,"20,250","17,414","17,070"
596,Wansbeck,E14001014,County,North East,Northumberland,"60,705","38,528","38,596","39,051",63.5,63.6,64.3,,68,,"13,491","11,968","11,513",,Wansbeck,596,North East,"61,782","38,273","38,334","38,806",61.9,62.0,62.8,,61,,"15,562","13,194","12,722"
603,Washington and Sunderland West,E14001020,Borough,North East,Tyne and Wear,"68,190","37,257","37,447","37,915",54.6,54.9,55.6,,190,,"27,551","21,893","21,425",,Washington & Sunderland West,603,North East,"68,910","37,334","37,528","38,021",54.2,54.5,55.2,,194,,"25,609","19,558","19,065"
9,Altrincham and Sale West,E14000532,Borough,North West,Greater Manchester,"71,511","50,517","50,675","51,775",70.6,70.9,72.4,,158,,"22,026","19,241","18,141",,Altrincham & Sale West,9,North West,"72,208","49,393","49,547","50,019",68.4,68.6,69.3,,154,,"20,114","16,138","15,666"
21,Ashton-under-Lyne,E14000537,Borough,North West,Greater Manchester,"68,343","38,918","39,116","39,331",56.9,57.2,57.5,,198,,"12,151","8,604","8,389",,Ashton Under Lyne,21,North West,"67,714","38,432","38,597","38,744",56.8,57.0,57.2,,165,,"10,556","7,172","7,025"
31,Barrow and Furness,E14000543,County,North West,Cumbria,"68,338","43,275","43,434","43,590",63.3,63.6,63.8,,159,,"6,732","5,855","5,699",,Barrow & Furness,31,North West,"68,943","44,124","44,210","44,341",64.0,64.1,64.3,,86,,"5,960","5,014","4,883"
56,Birkenhead,E14000559,Borough,North West,Merseyside,"62,410","39,144","39,269","39,457",62.7,62.9,63.2,,125,,"9,179","7,866","7,678",,Birkenhead,56,North West,"62,773","35,323","35,549","36,222",56.3,56.6,57.7,,226,,"8,912","7,408","6,735"
67,Blackburn,E14000570,Borough,North West,Lancashire,"73,260","43,999","44,324","45,803",60.1,60.5,62.5,,325,,"15,140","13,548","12,069",,Blackburn,67,North West,"72,331","45,499","47,217","48,542",62.9,65.3,67.1,,1718,,"17,888","15,069","13,744"
68,Blackley and Broughton,E14000571,Borough,North West,Greater Manchester,"71,913","37,112","37,306","37,863",51.6,51.9,52.7,,194,,"13,317","10,308","9,751",,Blackley & Broughton,68,North West,"69,489","34,204","34,354","35,117",49.2,49.4,50.5,,150,,"14,488","10,342","9,579"
69,Blackpool North and Cleveleys,E14000572,Borough,North West,Lancashire,"62,468","39,393","39,600","39,825",63.1,63.4,63.8,,207,,"18,422","14,386","14,161",,Blackpool North & Cleveleys,69,North West,"66,017","40,591","40,649","40,896",61.5,61.6,61.9,,58,,"18,313","14,455","14,208"
70,Blackpool South,E14000573,Borough,North West,Lancashire,"57,411","32,436","32,628","33,192",56.5,56.8,57.8,,192,,"14,008","11,977","11,413",,Blackpool South,70,North West,"63,027","35,192","35,252","35,509",55.8,55.9,56.3,,60,,"16,810","12,723","12,466"
76,Bolton North East,E14000578,Borough,North West,Greater Manchester,"67,895","43,161","43,311","43,577",63.6,63.8,64.2,,150,,"13,392","11,813","11,547",,Bolton North East,76,North West,"66,846","43,277","43,445","43,651",64.7,65.0,65.3,,168,,"13,863","11,969","11,763"
77,Bolton South East,E14000579,Borough,North West,Greater Manchester,"69,687","40,743","40,877","41,153",58.5,58.7,59.1,,134,,"10,942","9,529","9,253",,Bolton South East,77,North West,"69,499","39,604","39,828","40,106",57.0,57.3,57.7,,224,,"11,368","9,703","9,425"
78,Bolton West,E14000580,County,North West,Greater Manchester,"72,719","48,592","48,789","49,058",66.8,67.1,67.5,,197,,"14,036","12,494","12,225",,Bolton West,78,North West,"71,284","47,576","47,735","47,909",66.7,67.0,67.2,,159,,"12,735","10,927","10,753"
79,Bootle,E14000581,Borough,North West,Merseyside,"70,145","45,152","45,300","45,627",64.4,64.6,65.0,,148,,"8,283","7,052","6,725",,Bootle,79,North West,"71,422","41,277","41,439","42,145",57.8,58.0,59.0,,162,,"8,091","6,469","5,763"
109,Burnley,E14000609,Borough,North West,Lancashire,"64,477","39,746","39,896","40,293",61.6,61.9,62.5,,150,,"10,841","9,220","8,823",,Burnley,109,North West,"66,615","41,845","41,966","42,438",62.8,63.0,63.7,,121,,"10,821","8,926","8,454"
111,Bury North,E14000611,Borough,North West,Greater Manchester,"67,580","45,230","45,416","45,833",66.9,67.2,67.8,,186,,"15,038","13,324","12,907",,Bury North,111,North West,"66,759","44,961","45,097","45,294",67.3,67.6,67.8,,136,,"15,207","12,245","12,048"
112,Bury South,E14000612,Borough,North West,Greater Manchester,"73,883","47,215","47,396","47,955",63.9,64.2,64.9,,181,,"15,170","13,333","12,774",,Bury South,112,North West,"73,544","48,267","48,379","48,618",65.6,65.8,66.1,,112,,"15,710","12,713","12,474"
130,Carlisle,E14000620,County,North West,Cumbria,"65,827","42,587","42,680","42,830",64.7,64.8,65.1,,93,,"11,437","10,005","9,855",,Carlisle,130,North West,"65,263","42,200","42,300","42,623",64.7,64.8,65.3,,100,,"10,766","9,113","8,790"
138,Cheadle,E14000627,Borough,North West,Greater Manchester,"73,239","53,095","53,264","56,059",72.5,72.7,76.5,,169,,"15,878","14,187","11,392",,Cheadle,138,North West,"71,635","52,512","52,656","53,019",73.3,73.5,74.0,,144,,"13,874","11,430","11,067"
149,Chorley,E14000637,County,North West,Lancashire,"74,679","51,712","51,854","51,955",69.2,69.4,69.6,,142,,"21,367","18,577","18,476",,Chorley,149,North West,"70,976","49,774","49,922","50,301",70.1,70.3,70.9,,148,,"21,994","18,762","18,383"
143,City of Chester,E14000640,County,North West,Cheshire,"74,485","51,161","51,389","51,687",68.7,69.0,69.4,,228,,"12,066","8,591","8,293",,"Chester, City of",143,North West,"70,131","46,790","46,853","47,208",66.7,66.8,67.3,,63,,"10,235","8,350","7,995"
159,Congleton,E14000646,County,North West,Cheshire,"72,503","50,976","51,142","51,463",70.3,70.5,71.0,,166,,"13,540","11,754","11,433",,Congleton,159,North West,"72,280","50,780","50,878","51,207",70.3,70.4,70.8,,98,,"12,443","10,803","10,474"
160,Copeland,E14000647,County,North West,Cumbria,"62,087","39,631","39,782","40,013",63.8,64.1,64.4,,151,,"12,218","9,968","9,737",,Copeland,160,North West,"63,149","42,787","42,857","43,017",67.8,67.9,68.1,,70,,"11,451","9,516","9,356"
169,Crewe and Nantwich,E14000653,County,North West,Cheshire,"74,169","49,896","50,109","50,608",67.3,67.6,68.2,,213,,"13,334","11,539","11,040",,Crewe & Nantwich,169,North West,"79,728","51,084","51,133","51,375",64.1,64.1,64.4,,49,,"9,765","8,506","8,264"
180,Denton and Reddish,E14000661,Borough,North West,Greater Manchester,"66,141","38,681","38,825","39,044",58.5,58.7,59.0,,144,,"13,007","7,873","7,654",,Denton & Reddish,180,North West,"66,330","37,635","37,808","37,941",56.7,57.0,57.2,,173,,"11,169","7,946","7,813"
227,Eddisbury,E14000686,County,North West,Cheshire,"68,569","47,352","47,530","47,716",69.1,69.3,69.6,,178,,"7,290","5,337","5,151",,Eddisbury,227,North West,"72,100","45,414","45,523","45,735",63.0,63.1,63.4,,109,,"7,304","6,310","6,098"
234,Ellesmere Port and Neston,E14000688,County,North West,Cheshire,"69,223","46,727","46,887","47,095",67.5,67.7,68.0,,160,,"7,893","6,088","5,880",,Ellesmere Port & Neston,234,North West,"66,509","44,233","44,298","44,573",66.5,66.6,67.0,,65,,"7,510","6,179","5,904"
256,Fylde,E14000706,County,North West,Lancashire,"65,679","43,557","43,747","44,151",66.3,66.6,67.2,,190,,"13,791","11,909","11,505",,Fylde,256,North West,"65,926","43,690","43,771","43,946",66.3,66.4,66.7,,81,,"12,568","10,225","10,050"
258,Garston and Halewood,E14000708,Borough,North West,Merseyside,"73,719","48,983","49,175","49,395",66.4,66.7,67.0,,192,,"11,957","10,249","10,029",,Garston & Halewood,258,North West,"71,312","42,825","43,007","43,334",60.1,60.3,60.8,,182,,"10,776","8,730","8,403"
285,Halton,E14000725,County,North West,Cheshire,"72,818","45,023","45,191","45,291",61.8,62.1,62.2,,168,,"5,402","4,673","4,573",,Halton,285,North West,"68,846","41,338","41,452","41,712",60.0,60.2,60.6,,114,,"5,760","4,795","4,535"
301,Hazel Grove,E14000738,County,North West,Greater Manchester,"63,098","43,219","43,346","43,866",68.5,68.7,69.5,,127,,"12,501","11,258","10,738",,Hazel Grove,301,North West,"62,300","41,981","42,078","42,362",67.4,67.5,68.0,,97,,"9,869","8,067","7,783"
313,Heywood and Middleton,E14000747,County,North West,Greater Manchester,"79,989","48,538","48,673","48,905",60.7,60.8,61.1,,135,,"10,738","9,014","8,782",,Heywood & Middleton,313,North West,"80,171","46,125","46,249","46,559",57.5,57.7,58.1,,124,,"11,706","8,348","8,038"
327,Hyndburn,E14000758,Borough,North West,Lancashire,"68,341","42,887","43,066","43,672",62.8,63.0,63.9,,179,,"11,838","9,988","9,382",,Hyndburn,327,North West,"67,221","42,672","42,887","43,863",63.5,63.8,65.3,,215,,"11,516","9,697","8,721"
346,Knowsley,E14000775,Borough,North West,Merseyside,"79,108","50,728","50,920","51,124",64.1,64.4,64.6,,192,,"12,436","10,506","10,302",,Knowsley,346,North West,"79,564","44,658","44,826","45,178",56.1,56.3,56.8,,168,,"11,443","8,677","8,325"
350,Lancaster and Fleetwood,E14000776,County,North West,Lancashire,"61,922","41,738","41,910","42,047",67.4,67.7,67.9,,172,,"11,186","9,308","9,171",,Lancaster & Fleetwood,350,North West,"67,379","42,701","42,773","43,166",63.4,63.5,64.1,,72,,"10,314","8,761","8,368"
361,Leigh,E14000785,County,North West,Greater Manchester,"75,905","45,123","45,312","45,622",59.4,59.7,60.1,,189,,"13,656","11,610","11,300",,Leigh,361,North West,"75,903","44,332","44,481","44,670",58.4,58.6,58.9,,149,,"13,548","9,454","9,265"
370,"Liverpool, Riverside",E14000793,Borough,North West,Merseyside,"70,829","44,263","44,512","44,681",62.5,62.8,63.1,,249,,"8,681","7,296","7,127",,Liverpool Riverside,370,North West,"74,539","38,801","38,948","39,415",52.1,52.3,52.9,,147,,"8,753","6,868","6,401"
371,"Liverpool, Walton",E14000794,Borough,North West,Merseyside,"61,908","38,403","38,549","38,711",62.0,62.3,62.5,,146,,"8,625","6,986","6,824",,Liverpool Walton,371,North West,"62,612","34,335","34,497","34,959",54.8,55.1,55.8,,162,,"7,875","6,049","5,587"
372,"Liverpool, Wavertree",E14000795,Borough,North West,Merseyside,"61,549","40,974","41,136","41,306",66.6,66.8,67.1,,162,,"9,540","8,179","8,009",,Liverpool Wavertree,372,North West,"62,518","37,914","38,033","38,540",60.6,60.8,61.6,,119,,"9,346","7,570","7,063"
373,"Liverpool, West Derby",E14000796,Borough,North West,Merseyside,"63,651","41,031","41,163","41,347",64.5,64.7,65.0,,132,,"10,969","9,202","9,018",,Liverpool West Derby,373,North West,"63,082","35,784","35,955","36,202",56.7,57.0,57.4,,171,,"9,526","7,298","7,051"
382,Macclesfield,E14000802,County,North West,Cheshire,"71,712","49,598","49,846","50,253",69.2,69.5,70.1,,248,,"13,350","11,440","11,033",,Macclesfield,382,North West,"75,370","50,059","50,139","50,367",66.4,66.5,66.8,,80,,"12,410","10,495","10,267"
385,Makerfield,E14000805,County,North West,Greater Manchester,"74,320","44,788","44,919","46,305",60.3,60.4,62.3,,131,,"14,088","11,775","10,389",,Makerfield,385,North West,"73,813","43,771","43,930","44,099",59.3,59.5,59.7,,159,,"13,572","10,595","10,426"
387,Manchester Central,E14000807,Borough,North West,Greater Manchester,"86,078","45,331","45,560","46,088",52.7,52.9,53.5,,229,,"13,061","10,205","9,677",,Manchester Central,387,North West,"90,110","39,927","40,065","41,090",44.3,44.5,45.6,,138,,"14,536","10,466","9,441"
388,"Manchester, Gorton",E14000808,Borough,North West,Greater Manchester,"72,992","42,019","42,294","42,893",57.6,57.9,58.8,,275,,"10,782","8,634","8,035",,Manchester Gorton,388,North West,"75,933","38,325","38,530","39,289",50.5,50.7,51.7,,205,,"12,423","8,626","7,867"
389,"Manchester, Withington",E14000809,Borough,North West,Greater Manchester,"74,102","49,966","50,218","50,668",67.4,67.8,68.4,,252,,"12,531","10,687","10,237",,Manchester Withington,389,North West,"74,371","45,031","45,154","45,688",60.5,60.7,61.4,,123,,"13,570","10,402","9,868"
404,Morecambe and Lunesdale,E14000825,County,North West,Lancashire,"66,985","43,242","43,385","43,602",64.6,64.8,65.1,,143,,"10,742","9,365","9,148",,Morecambe & Lunesdale,404,North West,"69,576","43,436","43,518","43,877",62.4,62.5,63.1,,82,,"10,630","9,103","8,744"
439,Oldham East and Saddleworth,E14000870,County,North West,Greater Manchester,"71,475","44,483","44,661","45,136",62.2,62.5,63.1,,178,,"10,355","9,033","8,558",,Oldham East & Saddleworth,439,North West,"72,557","44,520","44,724","45,092",61.4,61.6,62.1,,204,,"10,518","8,316","7,948"
440,Oldham West and Royton,E14000871,Borough,North West,Greater Manchester,"71,652","43,137","43,339","43,885",60.2,60.5,61.2,,202,,"10,445","9,135","8,589",,Oldham West & Royton,440,North West,"72,359","42,910","43,163","43,579",59.3,59.7,60.2,,253,,"11,328","8,769","8,353"
447,Pendle,E14000875,Borough,North West,Lancashire,"64,573","44,448","44,646","45,297",68.8,69.1,70.1,,198,,"11,727","10,485","9,834",,Pendle,447,North West,"66,422","45,045","45,199","45,733",67.8,68.0,68.9,,154,,"11,841","9,975","9,441"
449,Penrith and The Border,E14000877,County,North West,Cumbria,"65,209","43,921","44,064","44,161",67.4,67.6,67.7,,143,,"9,591","8,267","8,170",,Penrith & The Border,449,North West,"64,484","45,087","45,168","45,401",69.9,70.0,70.4,,81,,"8,298","7,092","6,859"
460,Preston,E14000885,Borough,North West,Lancashire,"59,981","33,469","33,609","34,860",55.8,56.0,58.1,,140,,"10,122","9,488","8,237",,Preston,460,North West,"61,187","32,505","32,637","33,272",53.1,53.3,54.4,,132,,"8,949","7,140","6,505"
471,Ribble Valley,E14000894,County,North West,Lancashire,"77,379","52,243","52,411","52,767",67.5,67.7,68.2,,168,,"11,044","9,384","9,028",,Ribble Valley,471,North West,"77,789","52,287","52,360","52,788",67.2,67.3,67.9,,73,,"10,683","9,064","8,636"
474,Rochdale,E14000897,County,North West,Greater Manchester,"77,248","45,430","45,670","46,025",58.8,59.1,59.6,,240,,"12,652","9,953","9,598",,Rochdale,474,North West,"78,952","45,907","46,147","46,413",58.1,58.4,58.8,,240,,"12,342","9,789","9,523"
480,Rossendale and Darwen,E14000902,Borough,North West,Lancashire,"73,779","49,024","49,164","49,306",66.4,66.6,66.8,,140,,"13,528","11,656","11,514",,Rossendale & Darwen,480,North West,"73,229","47,128","47,277","47,380",64.4,64.6,64.7,,149,,"12,800","10,062","9,959"
495,Salford and Eccles,E14000911,Borough,North West,Greater Manchester,"74,291","43,261","43,462","43,502",58.2,58.5,58.6,,201,,"15,810","11,947","11,907",,Salford & Eccles,495,North West,"75,483","41,533","41,702","41,728",55.0,55.2,55.3,,169,,"16,963","12,998","12,972"
500,Sefton Central,E14000916,County,North West,Merseyside,"67,744","49,021","49,221","49,314",72.4,72.7,72.8,,200,,"10,884","9,411","9,318",,Sefton Central,500,North West,"67,511","48,463","48,639","49,384",71.8,72.0,73.1,,176,,"10,283","8,945","8,200"
521,South Ribble,E14000943,County,North West,Lancashire,"76,489","52,370","52,532","52,730",68.5,68.7,68.9,,162,,"15,922","13,847","13,649",,South Ribble,521,North West,"75,822","51,458","51,528","52,165",67.9,68.0,68.8,,70,,"16,060","13,902","13,265"
526,Southport,E14000958,Borough,North West,Merseyside,"67,326","44,101","44,272","44,719",65.5,65.8,66.4,,171,,"13,213","11,377","10,930",,Southport,526,North West,"67,200","43,757","43,924","44,961",65.1,65.4,66.9,,167,,"14,135","12,111","11,074"
492,St Helens North,E14000962,Borough,North West,Merseyside,"75,262","46,256","46,448","47,041",61.5,61.7,62.5,,192,,"12,926","11,429","10,836",,St Helens North,492,North West,"74,985","44,556","44,776","45,573",59.4,59.7,60.8,,220,,"17,240","14,874","14,077"
493,St Helens South and Whiston,E14000963,Borough,North West,Merseyside,"77,720","48,397","48,568","49,213",62.3,62.5,63.3,,171,,"15,418","13,531","12,886",,St Helens South & Whiston,493,North West,"77,975","46,081","46,299","47,092",59.1,59.4,60.4,,218,,"16,710","14,393","13,600"
531,Stalybridge and Hyde,E14000967,County,North West,Greater Manchester,"71,357","41,034","41,235","41,566",57.5,57.8,58.3,,201,,"15,653","12,404","12,073",,Stalybridge & Hyde,531,North West,"69,081","40,879","41,034","41,241",59.2,59.4,59.7,,155,,"13,844","10,052","9,845"
534,Stockport,E14000969,Borough,North West,Greater Manchester,"63,931","39,649","39,784","40,103",62.0,62.2,62.7,,135,,"10,026","8,738","8,419",,Stockport,534,North West,"62,879","39,128","39,217","39,497",62.2,62.4,62.8,,89,,"8,938","6,751","6,471"
545,Stretford and Urmston,E14000979,Borough,North West,Greater Manchester,"69,026","46,386","46,569","47,755",67.2,67.5,69.2,,183,,"18,152","15,832","14,646",,Stretford & Urmston,545,North West,"70,991","44,910","45,084","45,520",63.3,63.5,64.1,,174,,"16,957","13,532","13,096"
563,Tatton,E14000987,County,North West,Cheshire,"65,004","45,298","45,483","45,793",69.7,70.0,70.4,,185,,"13,002","11,492","11,182",,Tatton,563,North West,"66,746","45,231","45,317","45,571",67.8,67.9,68.3,,86,,"11,034","10,881","10,627"
592,Wallasey,E14001010,Borough,North West,Merseyside,"65,495","43,366","43,545","43,720",66.2,66.5,66.8,,179,,"10,837","9,147","8,972",,Wallasey,592,North West,"65,915","41,654","41,795","42,330",63.2,63.4,64.2,,141,,"10,979","9,256","8,721"
599,Warrington North,E14001017,Borough,North West,Cheshire,"72,104","45,419","45,620","45,953",63.0,63.3,63.7,,201,,"11,231","9,766","9,433",,Warrington North,599,North West,"70,473","44,211","44,376","45,122",62.7,63.0,64.0,,165,,"11,251","9,621","8,875"
600,Warrington South,E14001018,Borough,North West,Cheshire,"84,767","59,353","59,552","59,947",70.0,70.3,70.7,,199,,"17,065","15,257","14,862",,Warrington South,600,North West,"79,182","54,874","55,007","55,561",69.3,69.5,70.2,,133,,"15,425","13,404","12,850"
607,Weaver Vale,E14001024,County,North West,Cheshire,"68,407","46,867","46,944","47,066",68.5,68.6,68.8,,77,,"6,025","3,768","3,646",,Weaver Vale,607,North West,"67,269","43,990","44,061","44,177",65.4,65.5,65.7,,71,,"6,936","5,340","5,224"
349,West Lancashire,E14001033,County,North West,Lancashire,"70,906","49,676","49,793","50,018",70.1,70.2,70.5,,117,,"13,109","11,576","11,351",,Lancashire West,349,North West,"73,835","48,473","48,568","48,804",65.7,65.8,66.1,,95,,"12,665","10,684","10,448"
616,Westmorland and Lonsdale,E14001037,County,North West,Cumbria,"65,857","48,929","49,052","49,406",74.3,74.5,75.0,,123,,"16,102","14,481","14,127",,Westmorland & Lonsdale,616,North West,"66,988","51,487","51,569","51,946",76.9,77.0,77.5,,82,,"15,236","13,440","13,063"
618,Wigan,E14001039,County,North West,Greater Manchester,"75,990","45,293","45,419","46,404",59.6,59.8,61.1,,126,,"15,076","13,013","12,028",,Wigan,618,North West,"75,407","44,140","44,302","44,569",58.5,58.8,59.1,,162,,"14,261","10,800","10,533"
624,Wirral South,E14001043,County,North West,Merseyside,"56,956","41,837","41,980","42,119",73.5,73.7,74.0,,143,,"9,810","8,791","8,652",,Wirral South,624,North West,"56,099","39,906","40,055","40,497",71.1,71.4,72.2,,149,,"9,699","8,312","7,870"
625,Wirral West,E14001044,County,North West,Merseyside,"55,377","41,858","42,008","42,161",75.6,75.9,76.1,,150,,"12,160","10,791","10,638",,Wirral West,625,North West,"55,050","39,372","39,449","40,058",71.5,71.7,72.8,,77,,"12,227","10,552","9,943"
636,Workington,E14001053,County,North West,Cumbria,"58,615","38,463","38,695","38,870",65.6,66.0,66.3,,232,,"12,903","10,683","10,508",,Workington,636,North West,"59,607","39,259","39,339","39,525",65.9,66.0,66.3,,80,,"12,474","10,462","10,276"
637,Worsley and Eccles South,E14001054,County,North West,Greater Manchester,"72,177","42,048","42,184","42,200",58.3,58.4,58.5,,136,,"16,986","9,933","9,917",,Worsley & Eccles South,637,North West,"72,473","41,701","41,884","41,901",57.5,57.8,57.8,,183,,"18,291","14,024","14,007"
643,Wyre and Preston North,E14001057,County,North West,Lancashire,"70,637","49,893","50,083","50,744",70.6,70.9,71.8,,190,,"17,458","15,590","14,929",,Wyre & Preston North,643,North West,"70,201","51,308","51,426","51,664",73.1,73.3,73.6,,118,,"15,864","13,492","13,254"
645,Wythenshawe and Sale East,E14001059,Borough,North West,Greater Manchester,"75,994","43,263","43,431","43,966",56.9,57.2,57.9,,168,,"16,459","13,535","13,000",,Wythenshawe & Sale East,645,North West,"79,923","40,751","40,887","41,651",51.0,51.2,52.1,,136,,"17,579","12,913","12,149"
7,Aldershot,E14000530,Borough,South East,Hampshire,"72,430","46,191","46,305","46,956",63.8,63.9,64.8,,114,,"11,360","10,055","9,404",,Aldershot,7,South East,"71,465","45,384","45,484","47,199",63.5,63.6,66.0,,100,,"9,788","9,279","7,564"
18,Arundel and South Downs,E14000534,County,South East,West Sussex,"77,242","56,477","56,719","56,985",73.1,73.4,73.8,,242,,"12,355","10,841","10,575",,Arundel & South Downs,18,South East,"76,835","55,982","56,085","56,368",72.9,73.0,73.4,,103,,"11,018","9,445","9,162"
20,Ashford,E14000536,County,South East,Kent,"85,177","57,372","57,547","57,938",67.4,67.6,68.0,,175,,"11,758","10,369","9,978",,Ashford,20,South East,"81,271","55,185","55,278","55,629",67.9,68.0,68.4,,93,,"11,518","9,949","9,598"
22,Aylesbury,E14000538,County,South East,Buckinghamshire,"80,315","55,419","55,654","55,803",69.0,69.3,69.5,,235,,"11,737","10,529","10,380",,Aylesbury,22,South East,"77,844","53,162","53,273","53,674",68.3,68.4,69.0,,111,,"11,416","9,910","9,509"
26,Banbury,E14000539,County,South East,Oxfordshire,"86,420","58,008","58,191","58,459",67.1,67.3,67.6,,183,,"11,350","9,677","9,409",,Banbury,26,South East,"84,379","56,241","56,398","56,840",66.7,66.8,67.4,,157,,"8,699","7,772","7,330"
34,Basingstoke,E14000545,Borough,South East,Hampshire,"79,665","53,076","53,295","53,495",66.6,66.9,67.1,,219,,"12,240","10,667","10,467",,Basingstoke,34,South East,"75,473","50,654","50,772","51,443",67.1,67.3,68.2,,118,,"11,322","9,860","9,189"
39,Beaconsfield,E14000550,County,South East,Buckinghamshire,"74,726","53,163","53,424","53,788",71.1,71.5,72.0,,261,,"12,491","10,801","10,437",,Beaconsfield,39,South East,"74,982","52,490","52,543","52,814",70.0,70.1,70.4,,53,,"11,348","9,876","9,605"
54,Bexhill and Battle,E14000557,County,South East,East Sussex,"78,796","55,218","55,518","56,028",70.1,70.5,71.1,,300,,"11,352","9,982","9,472",,Bexhill & Battle,54,South East,"81,032","54,587","54,725","55,034",67.4,67.5,67.9,,138,,"10,563","8,758","8,449"
74,Bognor Regis and Littlehampton,E14000576,County,South East,West Sussex,"72,995","47,116","47,340","47,627",64.5,64.9,65.2,,224,,"9,476","8,339","8,052",,Bognor Regis & Littlehampton,74,South East,"70,816","46,852","46,935","47,232",66.2,66.3,66.7,,83,,"9,615","7,962","7,665"
84,Bracknell,E14000586,County,South East,Berkshire,"81,271","53,086","53,301","53,464",65.3,65.6,65.8,,215,,"12,811","11,092","10,929",,Bracknell,84,South East,"76,888","52,136","52,209","52,432",67.8,67.9,68.2,,73,,"11,284","10,098","9,875"
97,"Brighton, Kemptown",E14000597,Borough,South East,East Sussex,"67,858","45,306","45,483","46,639",66.8,67.0,68.7,,177,,"12,528","11,356","10,200",,Brighton Kemptown,97,South East,"66,015","42,705","42,770","43,216",64.7,64.8,65.5,,65,,"10,292","8,997","8,551"
98,"Brighton, Pavilion",E14000598,Borough,South East,East Sussex,"76,557","54,676","54,862","56,093",71.4,71.7,73.3,,186,,"12,267","11,462","10,231",,Brighton Pavilion,98,South East,"74,009","51,834","51,915","52,383",70.0,70.1,70.8,,81,,"10,216","9,079","8,611"
108,Buckingham,E14000608,County,South East,Buckinghamshire,"77,425","53,692","54,981","55,108",69.3,71.0,71.2,,1289,,"10,810","8,829","8,702",,Buckingham,108,South East,"74,989","48,335","49,402","49,499",64.5,65.9,66.0,,1067,,"9,809","7,594","7,497"
125,Canterbury,E14000619,County,South East,Kent,"81,341","53,465","53,647","53,897",65.7,66.0,66.3,,182,,"9,546","8,384","8,134",,Canterbury,125,South East,"74,121","49,209","49,282","49,450",66.4,66.5,66.7,,73,,"8,856","7,704","7,536"
137,Chatham and Aylesford,E14000626,County,South East,Kent,"66,355","43,073","43,239","43,643",64.9,65.2,65.8,,166,,"8,759","7,011","6,607",,Chatham & Aylesford,137,South East,"67,964","43,807","43,861","44,300",64.5,64.5,65.2,,54,,"12,842","10,546","10,107"
142,Chesham and Amersham,E14000631,County,South East,Buckinghamshire,"72,547","52,730","52,979","53,229",72.7,73.0,73.4,,249,,"10,123","8,665","8,415",,Chesham & Amersham,142,South East,"70,333","52,444","52,550","52,784",74.6,74.7,75.0,,106,,"9,411","8,253","8,019"
145,Chichester,E14000633,County,South East,West Sussex,"83,396","57,139","57,337","57,775",68.5,68.8,69.3,,198,,"13,336","11,240","10,802",,Chichester,145,South East,"81,576","56,787","56,916","57,137",69.6,69.8,70.0,,129,,"11,217","9,377","9,156"
168,Crawley,E14000652,Borough,South East,West Sussex,"73,936","48,550","48,680","48,795",65.7,65.8,66.0,,130,,"12,264","10,901","10,786",,Crawley,168,South East,"72,781","47,504","47,625","47,826",65.3,65.4,65.7,,121,,"12,109","10,464","10,263"
177,Dartford,E14000659,County,South East,Kent,"75,209","52,418","52,617","52,834",69.7,70.0,70.2,,199,,"11,754","9,938","9,721",,Dartford,177,South East,"76,271","50,080","50,162","50,376",65.7,65.8,66.0,,82,,"12,144","9,996","9,782"
201,Dover,E14000670,County,South East,Kent,"72,930","50,224","50,423","50,656",68.9,69.1,69.5,,199,,"13,184","11,816","11,583",,Dover,201,South East,"71,833","50,385","50,471","50,570",70.1,70.3,70.4,,86,,"11,894","10,372","10,273"
287,East Hampshire,E14000680,County,South East,Hampshire,"71,074","51,649","51,867","52,194",72.7,73.0,73.4,,218,,"11,499","10,074","9,747",,Hampshire East,287,South East,"72,262","51,317","51,403","51,511",71.0,71.1,71.3,,86,,"9,729","8,279","8,171"
552,East Surrey,E14000681,County,South East,Surrey,"79,654","56,103","56,264","56,464",70.4,70.6,70.9,,161,,"12,947","10,954","10,754",,Surrey East,552,South East,"76,855","54,640","54,780","54,989",71.1,71.3,71.5,,140,,"12,623","10,567","10,358"
638,East Worthing and Shoreham,E14000682,County,South East,West Sussex,"74,775","49,898","50,097","50,373",66.7,67.0,67.4,,199,,"12,406","10,954","10,678",,Worthing East & Shoreham,638,South East,"74,001","48,397","48,507","48,838",65.4,65.5,66.0,,110,,"11,747","10,038","9,707"
225,Eastbourne,E14000684,Borough,South East,East Sussex,"78,262","52,907","53,061","53,270",67.6,67.8,68.1,,154,,"15,412","13,549","13,340",,Eastbourne,225,South East,"77,840","52,124","52,197","52,598",67.0,67.1,67.6,,73,,"15,110","13,260","12,859"
226,Eastleigh,E14000685,Borough,South East,Hampshire,"79,609","55,505","55,663","56,174",69.7,69.9,70.6,,158,,"16,100","14,470","13,959",,Eastleigh,226,South East,"77,436","53,650","53,725","53,943",69.3,69.4,69.7,,75,,"12,664","10,979","10,761"
240,Epsom and Ewell,E14000694,Borough,South East,Surrey,"78,633","57,143","57,332","57,695",72.7,72.9,73.4,,189,,"11,843","10,611","10,248",,Epsom & Ewell,240,South East,"79,908","54,955","55,242","55,451",68.8,69.1,69.4,,287,,"10,139","9,028","8,819"
243,Esher and Walton,E14000697,Borough,South East,Surrey,"79,894","56,976","57,165","57,558",71.3,71.6,72.0,,189,,"13,329","11,573","11,180",,Esher & Walton,243,South East,"75,338","54,543","54,691","54,856",72.4,72.6,72.8,,148,,"9,729","7,908","7,743"
246,Fareham,E14000699,County,South East,Hampshire,"77,114","54,700","54,818","55,052",70.9,71.1,71.4,,118,,"11,505","10,475","10,241",,Fareham,246,South East,"75,915","54,345","54,477","54,667",71.6,71.8,72.0,,132,,"10,562","9,294","9,104"
247,Faversham and Mid Kent,E14000700,County,South East,Kent,"69,523","45,803","45,907","46,261",65.9,66.0,66.5,,104,,"11,392","9,321","8,967",,Faversham & Kent Mid,247,South East,"68,858","46,712","46,804","46,901",67.8,68.0,68.1,,92,,"9,690","8,198","8,101"
253,Folkestone and Hythe,E14000704,County,South East,Kent,"83,651","55,010","55,275","55,546",65.8,66.1,66.4,,265,,"16,948","14,221","13,950",,Folkestone & Hythe,253,South East,"78,005","52,800","52,879","53,706",67.7,67.8,68.8,,79,,"12,796","11,143","10,316"
261,Gillingham and Rainham,E14000711,Borough,South East,Kent,"70,984","47,078","47,272","47,643",66.3,66.6,67.1,,194,,"11,674","9,813","9,442",,Gillingham & Rainham,261,South East,"70,814","46,786","46,852","47,138",66.1,66.2,66.6,,66,,"9,673","8,239","7,953"
272,Gosport,E14000713,Borough,South East,Hampshire,"73,268","47,665","47,751","47,788",65.1,65.2,65.2,,86,,"9,454","8,232","8,195",,Gosport,272,South East,"72,816","46,939","47,074","47,311",64.5,64.6,65.0,,135,,"7,639","6,440","6,203"
275,Gravesham,E14000715,County,South East,Kent,"72,043","50,139","50,320","51,100",69.6,69.8,70.9,,181,,"15,257","12,845","12,065",,Gravesham,275,South East,"70,195","47,303","47,376","47,613",67.4,67.5,67.8,,73,,"8,267","7,029","6,792"
279,Guildford,E14000719,County,South East,Surrey,"75,733","53,986","54,174","54,516",71.3,71.5,72.0,,188,,"17,304","15,142","14,800",,Guildford,279,South East,"77,082","55,567","55,662","56,010",72.1,72.2,72.7,,95,,"17,738","15,674","15,326"
298,Hastings and Rye,E14000735,County,South East,East Sussex,"75,095","50,927","51,051","51,340",67.8,68.0,68.4,,124,,"13,188","11,472","11,183",,Hastings & Rye,298,South East,"77,030","49,814","49,929","50,464",64.7,64.8,65.5,,115,,"12,567","10,793","10,258"
299,Havant,E14000736,Borough,South East,Hampshire,"70,573","44,828","44,976","45,088",63.5,63.7,63.9,,148,,"9,381","8,246","8,134",,Havant,299,South East,"69,662","43,903","44,038","44,084",63.0,63.2,63.3,,135,,"8,008","6,758","6,712"
305,Henley,E14000742,County,South East,Oxfordshire,"77,946","55,236","55,398","55,627",70.9,71.1,71.4,,162,,"10,183","8,938","8,709",,Henley,305,South East,"73,123","53,520","53,587","53,830",73.2,73.3,73.6,,67,,"8,444","7,312","7,069"
319,Horsham,E14000753,County,South East,West Sussex,"79,085","56,925","57,159","57,407",72.0,72.3,72.6,,234,,"13,580","11,826","11,578",,Horsham,319,South East,"77,564","55,841","55,907","56,171",72.0,72.1,72.4,,66,,"11,456","9,941","9,677"
321,Hove,E14000755,Borough,South East,East Sussex,"73,505","52,214","52,448","53,792",71.0,71.4,73.2,,234,,"15,156","13,899","12,555",,Hove,321,South East,"71,720","49,819","49,908","50,372",69.5,69.6,70.2,,89,,"11,912","10,373","9,909"
333,Isle of Wight,E14000762,County,South East,Isle of Wight,"108,804","70,300","70,407","71,001",64.6,64.7,65.3,,107,,"17,658","15,091","14,497",,Isle of Wight,333,South East,"109,922","70,264","70,376","70,734",63.9,64.0,64.3,,112,,"14,995","12,552","12,194"
362,Lewes,E14000786,County,South East,East Sussex,"69,481","50,540","50,731","50,963",72.7,73.0,73.3,,191,,"11,944","10,048","9,816",,Lewes,362,South East,"68,708","50,088","50,149","50,381",72.9,73.0,73.3,,61,,"10,073","8,982","8,750"
383,Maidenhead,E14000803,County,South East,Berkshire,"74,187","53,855","54,038","54,566",72.6,72.8,73.6,,183,,"12,393","11,087","10,559",,Maidenhead,383,South East,"72,844","53,720","53,807","54,061",73.7,73.9,74.2,,87,,"11,454","9,972","9,718"
384,Maidstone and The Weald,E14000804,County,South East,Kent,"73,181","50,010","50,121","50,522",68.3,68.5,69.0,,111,,"13,590","11,496","11,095",,Maidstone & The Weald,384,South East,"71,041","48,928","49,003","49,459",68.9,69.0,69.6,,75,,"11,725","10,426","9,970"
391,Meon Valley,E14000811,County,South East,Hampshire,"72,738","51,717","51,820","52,034",71.1,71.2,71.5,,103,,"11,735","10,257","10,043",,Meon Valley,391,South East,"70,488","51,238","51,349","51,459",72.7,72.8,73.0,,111,,"10,691","9,057","8,947"
555,Mid Sussex,E14000817,County,South East,West Sussex,"81,034","57,492","57,744","58,145",70.9,71.3,71.8,,252,,"13,511","11,800","11,399",,Sussex Mid,555,South East,"77,199","55,855","55,955","56,479",72.4,72.5,73.2,,100,,"11,281","9,835","9,311"
397,Milton Keynes North,E14000821,County,South East,Buckinghamshire,"86,826","57,692","57,905","58,095",66.4,66.7,66.9,,213,,"12,892","11,367","11,177",,Milton Keynes North,397,South East,"82,432","53,888","53,965","54,023",65.4,65.5,65.5,,77,,"12,550","9,822","9,764"
398,Milton Keynes South,E14000822,Borough,South East,Buckinghamshire,"89,656","58,949","59,164","59,414",65.8,66.0,66.3,,215,,"15,360","13,453","13,203",,Milton Keynes South,398,South East,"86,559","55,333","55,416","55,665",63.9,64.0,64.3,,83,,"16,296","12,741","12,492"
400,Mole Valley,E14000824,County,South East,Surrey,"74,038","55,140","55,332","55,592",74.5,74.7,75.1,,192,,"15,231","13,316","13,056",,Mole Valley,400,South East,"72,297","54,324","54,448","54,820",75.1,75.3,75.8,,124,,"14,324","12,101","11,729"
409,New Forest East,E14000827,County,South East,Hampshire,"72,697","49,447","49,631","49,790",68.0,68.3,68.5,,184,,"10,395","9,060","8,901",,New Forest East,409,South East,"72,858","50,036","50,113","50,343",68.7,68.8,69.1,,77,,"10,000","8,596","8,366"
410,New Forest West,E14000828,County,South East,Hampshire,"68,446","47,410","47,600","47,746",69.3,69.5,69.8,,190,,"10,126","8,821","8,675",,New Forest West,410,South East,"68,332","47,572","47,638","47,889",69.6,69.7,70.1,,66,,"9,141","7,809","7,558"
412,Newbury,E14000830,County,South East,Berkshire,"79,512","57,300","57,505","57,771",72.1,72.3,72.7,,205,,"17,229","15,037","14,771",,Newbury,412,South East,"79,144","58,589","58,645","58,819",74.0,74.1,74.3,,56,,"17,644","15,586","15,412"
288,North East Hampshire,E14000844,County,South East,Hampshire,"76,918","54,000","54,198","54,430",70.2,70.5,70.8,,198,,"11,325","10,149","9,917",,Hampshire North East,288,South East,"72,196","52,939","53,044","53,244",73.3,73.5,73.7,,105,,"9,434","8,275","8,075"
567,North Thanet,E14000852,County,South East,Kent,"71,478","47,053","47,214","47,334",65.8,66.1,66.2,,161,,"8,359","6,885","6,765",,Thanet North,567,South East,"68,602","43,343","43,426","43,678",63.2,63.3,63.7,,83,,"8,239","7,059","6,807"
289,North West Hampshire,E14000857,County,South East,Hampshire,"79,223","55,195","55,395","55,615",69.7,69.9,70.2,,200,,"13,865","11,803","11,583",,Hampshire North West,289,South East,"76,695","53,292","53,379","53,568",69.5,69.6,69.8,,87,,"11,777","9,831","9,642"
443,Oxford East,E14000873,Borough,South East,Oxfordshire,"78,978","50,689","50,854","50,980",64.2,64.4,64.5,,165,,"6,970","5,581","5,455",,Oxford East,443,South East,"81,903","51,651","51,819","51,944",63.1,63.3,63.4,,168,,"6,766","5,329","5,204"
444,Oxford West and Abingdon,E14000874,County,South East,Oxfordshire,"76,174","57,247","57,400","57,536",75.2,75.4,75.5,,153,,"10,473","9,003","8,867",,Oxford West & Abingdon,444,South East,"86,458","56,480","56,599","56,738",65.3,65.5,65.6,,119,,"8,147","7,110","6,971"
457,Portsmouth North,E14000883,Borough,South East,Hampshire,"73,105","45,390","45,547","45,966",62.1,62.3,62.9,,157,,"9,357","8,352","7,933",,Portsmouth North,457,South East,"70,329","44,118","44,272","44,526",62.7,62.9,63.3,,154,,"8,663","7,445","7,191"
458,Portsmouth South,E14000884,Borough,South East,Hampshire,"71,639","41,903","42,088","42,608",58.5,58.8,59.5,,185,,"8,936","7,931","7,411",,Portsmouth South,458,South East,"70,242","41,264","41,417","41,734",58.7,59.0,59.4,,153,,"8,920","7,379","7,062"
464,Reading East,E14000889,Borough,South East,Berkshire,"73,232","50,494","50,685","50,889",69.0,69.2,69.5,,191,,"12,553","10,610","10,406",,Reading East,464,South East,"74,929","49,985","50,103","50,511",66.7,66.9,67.4,,118,,"11,722","9,296","8,888"
465,Reading West,E14000890,County,South East,Berkshire,"72,567","48,404","48,523","48,764",66.7,66.9,67.2,,119,,"11,988","10,064","9,823",,Reading West,465,South East,"72,120","47,530","47,619","48,178",65.9,66.0,66.8,,89,,"11,383","9,136","8,577"
468,Reigate,E14000893,Borough,South East,Surrey,"73,429","51,349","51,514","51,755",69.9,70.2,70.5,,165,,"13,551","11,781","11,540",,Reigate,468,South East,"71,604","49,978","50,086","50,441",69.8,69.9,70.4,,108,,"11,259","9,677","9,322"
475,Rochester and Strood,E14000898,County,South East,Kent,"77,119","52,516","52,680","53,098",68.1,68.3,68.9,,164,,"14,480","12,259","11,841",,Rochester & Strood,475,South East,"73,758","47,971","48,044","48,259",65.0,65.1,65.4,,73,,"11,459","9,396","9,181"
478,Romsey and Southampton North,E14000901,County,South East,Hampshire,"66,519","48,398","48,539","48,739",72.8,73.0,73.3,,141,,"13,537","11,844","11,644",,Romsey & Southampton North,478,South East,"68,157","48,939","49,029","49,261",71.8,71.9,72.3,,90,,"12,395","10,610","10,378"
485,Runnymede and Weybridge,E14000907,County,South East,Surrey,"73,771","50,052","50,234","50,463",67.8,68.1,68.4,,182,,"10,888","9,517","9,288",,Runnymede & Weybridge,485,South East,"72,566","48,150","48,239","48,366",66.4,66.5,66.7,,89,,"8,788","7,131","7,004"
502,Sevenoaks,E14000918,County,South East,Kent,"71,958","50,124","50,355","50,513",69.7,70.0,70.2,,231,,"10,306","8,773","8,615",,Sevenoaks,502,South East,"69,591","49,408","49,493","49,646",71.0,71.1,71.3,,85,,"9,443","7,932","7,779"
512,Sittingbourne and Sheppey,E14000927,County,South East,Kent,"76,018","49,378","49,545","49,655",65.0,65.2,65.3,,167,,"10,450","8,860","8,750",,Sittingbourne & Sheppey,512,South East,"75,855","48,578","48,671","48,797",64.0,64.2,64.3,,93,,"9,341","7,526","7,400"
515,Slough,E14000930,Borough,South East,Berkshire,"86,366","48,275","48,535","49,005",55.9,56.2,56.7,,260,,"11,265","8,886","8,416",,Slough,515,South East,"77,473","47,742","47,955","48,878",61.6,61.9,63.1,,213,,"11,797","8,923","8,000"
568,South Thanet,E14000948,County,South East,Kent,"70,970","49,401","49,564","49,608",69.6,69.8,69.9,,163,,"10,138","8,203","8,159",,Thanet South,568,South East,"70,045","45,933","46,023","46,357",65.6,65.7,66.2,,90,,"9,569","8,308","7,974"
554,South West Surrey,E14000953,County,South East,Surrey,"77,548","57,119","57,366","57,537",73.7,74.0,74.2,,247,,"12,820","11,286","11,115",,Surrey South West,554,South East,"76,501","57,259","57,357","57,450",74.8,75.0,75.1,,98,,"11,360","9,987","9,894"
523,"Southampton, Itchen",E14000955,Borough,South East,Hampshire,"72,281","44,710","44,825","45,382",61.9,62.0,62.8,,115,,"11,519","10,081","9,524",,Southampton Itchen,523,South East,"74,532","44,412","44,516","45,570",59.6,59.7,61.1,,104,,"12,939","11,423","10,369"
524,"Southampton, Test",E14000956,Borough,South East,Hampshire,"70,270","43,652","43,799","44,849",62.1,62.3,63.8,,147,,"10,695","9,722","8,672",,Southampton Test,524,South East,"71,931","44,187","44,301","45,406",61.4,61.6,63.1,,114,,"12,094","10,756","9,651"
527,Spelthorne,E14000959,Borough,South East,Surrey,"71,592","49,079","49,270","49,460",68.6,68.8,69.1,,191,,"9,931","8,534","8,344",,Spelthorne,527,South East,"70,479","47,304","47,396","47,658",67.1,67.2,67.6,,92,,"7,937","6,746","6,484"
553,Surrey Heath,E14000983,County,South East,Surrey,"79,515","54,431","54,683","54,855",68.5,68.8,69.0,,252,,"12,095","10,212","10,040",,Surrey Heath,553,South East,"78,107","54,347","54,432","54,483",69.6,69.7,69.8,,85,,"10,789","9,293","9,242"
573,Tonbridge and Malling,E14000997,County,South East,Kent,"74,877","53,670","53,832","53,863",71.7,71.9,71.9,,162,,"11,757","10,115","10,084",,Tonbridge & Malling,573,South East,"71,790","51,314","51,389","51,563",71.5,71.6,71.8,,75,,"9,348","8,202","8,028"
580,Tunbridge Wells,E14001004,County,South East,Kent,"73,429","51,428","51,593","51,770",70.0,70.3,70.5,,165,,"12,692","11,462","11,285",,Tunbridge Wells,580,South East,"73,855","50,320","50,420","50,812",68.1,68.3,68.8,,100,,"11,941","10,275","9,883"
597,Wantage,E14001015,County,South East,Oxfordshire,"82,931","58,320","58,532","58,644",70.3,70.6,70.7,,212,,"10,095","8,535","8,423",,Wantage,597,South East,"80,456","56,341","56,461","56,636",70.0,70.2,70.4,,120,,"8,295","7,151","6,976"
606,Wealden,E14001023,County,South East,East Sussex,"80,236","57,017","57,198","57,407",71.1,71.3,71.5,,181,,"13,709","11,903","11,694",,Wealden,606,South East,"76,537","54,969","55,038","55,257",71.8,71.9,72.2,,69,,"11,628","10,198","9,979"
622,Winchester,E14001041,County,South East,Hampshire,"74,119","55,316","55,481","55,744",74.6,74.9,75.2,,165,,"15,550","14,025","13,762",,Winchester,622,South East,"73,805","55,955","56,060","56,248",75.8,76.0,76.2,,105,,"14,580","12,848","12,660"
623,Windsor,E14001042,County,South East,Berkshire,"71,538","50,160","50,349","50,770",70.1,70.4,71.0,,189,,"10,178","8,832","8,411",,Windsor,623,South East,"69,511","49,588","49,661","49,852",71.3,71.4,71.7,,73,,"9,657","8,177","7,986"
627,Witney,E14001046,County,South East,Oxfordshire,"79,767","58,482","58,670","58,838",73.3,73.6,73.8,,188,,"9,292","8,175","8,007",,Witney,627,South East,"78,766","57,769","57,886","58,027",73.3,73.5,73.7,,117,,"8,147","7,027","6,886"
628,Woking,E14001047,County,South East,Surrey,"74,269","51,964","52,113","52,983",70.0,70.2,71.3,,149,,"15,116","13,287","12,417",,Woking,628,South East,"73,837","52,786","52,919","53,306",71.5,71.7,72.2,,133,,"13,944","12,126","11,739"
629,Wokingham,E14001048,County,South East,Berkshire,"77,881","55,999","56,165","56,353",71.9,72.1,72.4,,166,,"13,971","12,104","11,916",,Wokingham,629,South East,"76,386","54,528","54,620","55,033",71.4,71.5,72.0,,92,,"12,592","10,451","10,038"
639,Worthing West,E14001055,Borough,South East,West Sussex,"75,617","50,763","50,956","51,537",67.1,67.4,68.2,,193,,"13,323","11,914","11,333",,Worthing West,639,South East,"75,945","49,123","49,249","49,566",64.7,64.8,65.3,,126,,"12,467","10,455","10,138"
642,Wycombe,E14001056,County,South East,Buckinghamshire,"76,371","51,439","51,758","52,068",67.4,67.8,68.2,,319,,"11,467","9,770","9,460",,Wycombe,642,South East,"74,175","48,151","48,294","48,488",64.9,65.1,65.4,,143,,"9,722","8,001","7,807"
36,Bath,E14000547,Borough,South West,Avon,"63,084","47,167","47,359","47,438",74.8,75.1,75.2,,192,,"11,252","9,807","9,728",,Bath,36,South West,"66,686","47,086","47,169","47,267",70.6,70.7,70.9,,83,,"10,472","9,228","9,130"
82,Bournemouth East,E14000584,Borough,South West,Dorset,"72,275","44,827","45,018","45,250",62.0,62.3,62.6,,191,,"9,844","8,190","7,958",,Bournemouth East,82,South West,"71,125","44,024","44,108","44,279",61.9,62.0,62.3,,84,,"9,233","7,482","7,311"
83,Bournemouth West,E14000585,Borough,South West,Dorset,"72,082","41,773","41,944","42,153",58.0,58.2,58.5,,171,,"7,933","6,693","6,484",,Bournemouth West,83,South West,"71,753","41,659","41,737","41,923",58.1,58.2,58.4,,78,,"9,039","7,321","7,135"
95,Bridgwater and West Somerset,E14000595,County,South West,Somerset,"80,491","54,447","54,650","54,947",67.6,67.9,68.3,,203,,"11,130","9,497","9,200",,Bridgwater & Somerset West,95,South West,"82,180","54,493","54,558","54,665",66.3,66.4,66.5,,65,,"8,779","7,410","7,303"
99,Bristol East,E14000599,Borough,South West,Avon,"71,193","46,213","46,375","46,568",64.9,65.1,65.4,,162,,"11,477","9,701","9,508",,Bristol East,99,South West,"69,448","45,017","45,107","45,387",64.8,65.0,65.4,,90,,"10,374","8,892","8,612"
100,Bristol North West,E14000600,Borough,South West,Avon,"74,743","51,805","51,926","52,168",69.3,69.5,69.8,,121,,"14,388","12,709","12,467",,Bristol North West,100,South West,"73,469","50,336","50,454","50,788",68.5,68.7,69.1,,118,,"13,393","11,334","11,000"
101,Bristol South,E14000601,Borough,South West,Avon,"81,496","50,842","51,006","51,329",62.4,62.6,63.0,,164,,"12,249","10,322","9,999",,Bristol South,101,South West,"78,579","48,377","48,510","48,883",61.6,61.7,62.2,,133,,"11,664","9,444","9,071"
102,Bristol West,E14000602,Borough,South West,Avon,"91,236","64,218","64,416","65,175",70.4,70.6,71.4,,198,,"11,748","10,160","9,401",,Bristol West,102,South West,"82,728","55,347","55,459","55,712",66.9,67.0,67.3,,112,,"10,950","8,894","8,641"
118,Camborne and Redruth,E14000616,County,South West,Cornwall,"66,944","45,868","45,952","46,107",68.5,68.6,68.9,,84,,"11,476","10,103","9,948",,Camborne & Redruth,118,South West,"63,975","42,493","42,570","42,808",66.4,66.5,66.9,,77,,"10,702","9,137","8,899"
188,Central Devon,E14000623,County,South West,Devon,"72,737","54,448","54,640","55,434",74.9,75.1,76.2,,192,,"13,830","11,463","10,669",,Devon Central,188,South West,"71,203","53,873","53,959","54,250",75.7,75.8,76.2,,86,,"10,998","9,814","9,523"
141,Cheltenham,E14000630,Borough,South West,Gloucestershire,"77,287","53,735","53,839","54,086",69.5,69.7,70.0,,104,,"15,623","14,138","13,891",,Cheltenham,141,South West,"78,998","52,786","52,883","53,168",66.8,66.9,67.3,,97,,"15,085","13,428","13,143"
147,Chippenham,E14000635,County,South West,Wiltshire,"74,218","55,407","55,507","55,677",74.7,74.8,75.0,,100,,"13,834","12,428","12,258",,Chippenham,147,South West,"72,106","52,385","52,443","52,540",72.6,72.7,72.9,,58,,"11,667","10,141","10,044"
150,Christchurch,E14000638,County,South West,Dorset,"69,303","49,707","49,940","50,318",71.7,72.1,72.6,,233,,"12,450","11,183","10,805",,Christchurch,150,South West,"68,859","49,416","49,507","49,851",71.8,71.9,72.4,,91,,"10,930","9,462","9,118"
187,Devizes,E14000665,County,South West,Wiltshire,"69,205","49,006","49,138","49,257",70.8,71.0,71.2,,132,,"13,017","11,196","11,077",,Devizes,187,South West,"67,379","46,340","46,400","46,535",68.8,68.9,69.1,,60,,"11,323","9,320","9,185"
189,East Devon,E14000678,County,South West,Devon,"76,519","54,717","54,934","55,200",71.5,71.8,72.1,,217,,"11,062","9,683","9,417",,Devon East,189,South West,"73,109","53,092","53,322","53,517",72.6,72.9,73.2,,230,,"11,671","10,063","9,868"
244,Exeter,E14000698,Borough,South West,Devon,"76,968","54,018","54,218","54,584",70.2,70.4,70.9,,200,,"12,929","11,657","11,291",,Exeter,244,South West,"77,158","52,247","52,330","52,735",67.7,67.8,68.3,,83,,"12,961","11,149","10,744"
251,Filton and Bradley Stoke,E14000702,County,South West,Avon,"71,310","49,101","49,253","49,377",68.9,69.1,69.2,,152,,"12,732","11,038","10,914",,Filton & Bradley Stoke,251,South West,"69,003","48,301","48,336","48,450",70.0,70.0,70.2,,35,,"12,233","10,562","10,448"
254,Forest of Dean,E14000705,County,South West,Gloucestershire,"69,865","49,520","49,704","50,085",70.9,71.1,71.7,,184,,"11,956","10,605","10,224",,Forest of Dean,254,South West,"68,419","48,763","48,820","49,167",71.3,71.4,71.9,,57,,"10,786","9,394","9,047"
270,Gloucester,E14000712,Borough,South West,Gloucestershire,"82,968","52,575","52,686","53,073",63.4,63.5,64.0,,111,,"16,600","14,392","14,005",,Gloucester,270,South West,"79,321","50,764","50,890","51,813",64.0,64.2,65.3,,126,,"17,089","14,118","13,195"
344,Kingswood,E14000774,Borough,South West,Avon,"68,193","48,125","48,271","48,472",70.6,70.8,71.1,,146,,"12,499","11,151","10,950",,Kingswood,344,South West,"66,361","47,906","47,942","48,026",72.2,72.2,72.4,,36,,"11,924","10,360","10,276"
197,Mid Dorset and North Poole,E14000815,County,South West,Dorset,"64,299","46,499","46,636","47,237",72.3,72.5,73.5,,137,,"10,643","9,778","9,177",,Dorset Mid & Poole North,197,South West,"64,660","46,788","46,878","47,337",72.4,72.5,73.2,,90,,"10,130","9,112","8,653"
420,Newton Abbot,E14000835,County,South West,Devon,"69,928","48,253","48,453","48,760",69.0,69.3,69.7,,200,,"12,830","11,234","10,927",,Newton Abbot,420,South West,"69,319","48,283","48,359","48,667",69.7,69.8,70.2,,76,,"11,374","10,084","9,776"
162,North Cornwall,E14000837,County,South West,Cornwall,"67,192","48,245","48,290","48,433",71.8,71.9,72.1,,45,,"11,761","10,556","10,413",,Cornwall North,162,South West,"67,940","46,844","46,923","47,182",68.9,69.1,69.4,,79,,"10,431","9,012","8,753"
190,North Devon,E14000838,County,South West,Devon,"74,737","52,320","52,453","52,729",70.0,70.2,70.6,,133,,"11,624","10,245","9,969",,Devon North,190,South West,"74,508","51,321","51,403","51,718",68.9,69.0,69.4,,82,,"10,212","8,914","8,599"
198,North Dorset,E14000839,County,South West,Dorset,"73,759","53,385","53,545","53,573",72.4,72.6,72.6,,160,,"11,219","9,566","9,538",,Dorset North,198,South West,"73,741","54,141","54,212","54,403",73.4,73.5,73.8,,71,,"10,150","8,664","8,473"
518,North East Somerset,E14000846,County,South West,Avon,"69,380","51,110","51,263","51,390",73.7,73.9,74.1,,153,,"12,136","10,649","10,522",,Somerset North East,518,South West,"67,881","51,203","51,279","51,361",75.4,75.5,75.7,,76,,"10,506","9,392","9,310"
517,North Somerset,E14000850,County,South West,Avon,"80,161","58,942","59,162","59,373",73.5,73.8,74.1,,220,,"12,683","10,744","10,533",,Somerset North,517,South West,"77,306","57,941","58,051","58,218",75.0,75.1,75.3,,110,,"9,496","8,302","8,135"
560,North Swindon,E14000851,County,South West,Wiltshire,"80,983","52,242","52,390","53,001",64.5,64.7,65.4,,148,,"14,918","12,710","12,099",,Swindon North,560,South West,"78,384","50,295","50,465","51,008",64.2,64.4,65.1,,170,,"10,767","9,065","8,522"
619,North Wiltshire,E14000860,County,South West,Wiltshire,"67,851","50,556","50,667","50,809",74.5,74.7,74.9,,111,,"13,534","11,957","11,815",,Wiltshire North,619,South West,"66,315","48,699","48,774","48,854",73.4,73.5,73.7,,75,,"11,916","10,032","9,952"
452,"Plymouth, Moor View",E14000879,Borough,South West,Devon,"68,246","42,606","42,691","43,263",62.4,62.6,63.4,,85,,"13,570","11,688","11,116",,Plymouth Moor View,452,South West,"68,062","41,526","41,619","42,129",61.0,61.1,61.9,,93,,"11,275","9,442","8,932"
453,"Plymouth, Sutton and Devonport",E14000880,Borough,South West,Devon,"73,274","47,963","48,120","48,701",65.5,65.7,66.5,,157,,"13,242","11,201","10,620",,Plymouth Sutton & Devonport,453,South West,"72,938","43,894","44,033","44,495",60.2,60.4,61.0,,139,,"11,238","9,037","8,575"
455,Poole,E14000881,Borough,South West,Dorset,"72,557","47,393","47,531","47,696",65.3,65.5,65.7,,138,,"10,519","9,067","8,902",,Poole,455,South West,"72,641","47,436","47,539","48,168",65.3,65.4,66.3,,103,,"10,584","9,092","8,463"
496,Salisbury,E14000912,County,South West,Wiltshire,"69,582","50,705","50,773","50,890",72.9,73.0,73.1,,68,,"12,197","10,755","10,638",,Salisbury,496,South West,"67,430","48,481","48,524","48,620",71.9,72.0,72.1,,43,,"10,321","8,810","8,714"
519,Somerton and Frome,E14000932,County,South West,Somerset,"83,281","60,309","60,477","60,501",72.4,72.6,72.6,,168,,"16,333","14,089","14,065",,Somerton & Frome,519,South West,"81,548","60,612","60,690","60,808",74.3,74.4,74.6,,78,,"14,972","13,227","13,109"
199,South Dorset,E14000936,County,South West,Dorset,"71,534","48,597","48,737","48,955",67.9,68.1,68.4,,140,,"9,899","8,612","8,394",,Dorset South,199,South West,"73,360","50,310","50,399","50,626",68.6,68.7,69.0,,89,,"9,498","8,255","8,028"
163,South East Cornwall,E14000938,County,South West,Cornwall,"71,071","50,498","50,576","50,806",71.1,71.2,71.5,,78,,"13,887","12,511","12,281",,Cornwall South East,163,South West,"71,373","49,617","49,689","49,990",69.5,69.6,70.0,,72,,"14,018","12,066","11,765"
561,South Swindon,E14000947,County,South West,Wiltshire,"73,926","49,263","49,410","50,026",66.6,66.8,67.7,,147,,"13,517","11,683","11,067",,Swindon South,561,South West,"72,619","47,119","47,425","47,724",64.9,65.3,65.7,,306,,"9,621","7,357","7,058"
191,South West Devon,E14000950,County,South West,Devon,"71,035","50,372","50,494","50,807",70.9,71.1,71.5,,122,,"12,596","11,051","10,738",,Devon South West,191,South West,"70,813","49,860","49,965","50,194",70.4,70.6,70.9,,105,,"10,531","9,076","8,847"
620,South West Wiltshire,E14000954,County,South West,Wiltshire,"73,018","51,643","51,751","51,896",70.7,70.9,71.1,,108,,"12,348","10,754","10,609",,Wiltshire South West,620,South West,"71,647","49,018","49,109","49,300",68.4,68.5,68.8,,91,,"10,032","8,529","8,338"
491,St Austell and Newquay,E14000961,County,South West,Cornwall,"76,607","50,361","50,456","50,601",65.7,65.9,66.1,,95,,"11,955","10,528","10,383",,St Austell & Newquay,491,South West,"75,284","47,238","47,301","47,529",62.7,62.8,63.1,,63,,"10,834","8,909","8,681"
494,St Ives,E14000964,County,South West,Cornwall,"65,570","48,312","48,390","48,525",73.7,73.8,74.0,,78,,"13,907","12,442","12,307",,St Ives,494,South West,"66,944","45,921","45,991","46,314",68.6,68.7,69.2,,70,,"13,714","11,913","11,590"
546,Stroud,E14000980,County,South West,Gloucestershire,"80,544","60,819","60,940","62,017",75.5,75.7,77.0,,121,,"14,282","13,492","12,415",,Stroud,546,South West,"78,286","57,973","58,087","58,472",74.1,74.2,74.7,,114,,"10,768","9,719","9,334"
564,Taunton Deane,E14000988,County,South West,Somerset,"83,221","57,887","58,045","58,371",69.6,69.7,70.1,,158,,"14,686","13,060","12,734",,Taunton Deane,564,South West,"82,507","58,150","58,234","58,410",70.5,70.6,70.8,,84,,"14,103","12,485","12,309"
566,Tewkesbury,E14000990,County,South West,Gloucestershire,"78,910","55,344","55,536","55,775",70.1,70.4,70.7,,192,,"12,242","10,852","10,613",,Tewkesbury,566,South West,"76,655","53,961","54,051","54,246",70.4,70.5,70.8,,90,,"10,561","9,207","9,012"
164,The Cotswolds,E14000991,County,South West,Gloucestershire,"78,290","56,667","56,864","57,440",72.4,72.6,73.4,,197,,"14,896","13,144","12,568",,"Cotswolds, The",164,South West,"76,729","54,832","54,903","55,125",71.5,71.6,71.8,,71,,"12,731","10,910","10,688"
570,Thornbury and Yate,E14000994,County,South West,Avon,"66,066","48,570","48,733","48,902",73.5,73.8,74.0,,163,,"12,968","11,382","11,213",,Thornbury & Yate,570,South West,"64,092","48,226","48,321","48,459",75.2,75.4,75.6,,95,,"12,216","10,885","10,747"
572,Tiverton and Honiton,E14000996,County,South West,Devon,"76,270","53,763","54,141","54,399",70.5,71.0,71.3,,378,,"10,667","9,412","9,154",,Tiverton & Honiton,572,South West,"76,808","54,894","54,976","55,110",71.5,71.6,71.8,,82,,"10,643","9,051","8,917"
575,Torbay,E14000999,Borough,South West,Devon,"76,350","48,079","48,214","48,489",63.0,63.1,63.5,,135,,"12,581","11,034","10,759",,Torbay,575,South West,"76,244","49,210","49,246","49,474",64.5,64.6,64.9,,36,,"11,316","9,917","9,689"
192,Torridge and West Devon,E14001000,County,South West,Devon,"78,621","56,584","56,786","57,028",72.0,72.2,72.5,,202,,"12,976","11,541","11,299",,Devon West & Torridge,192,South West,"77,360","55,257","55,324","55,530",71.4,71.5,71.8,,67,,"12,289","9,803","9,597"
577,Totnes,E14001001,County,South West,Devon,"68,630","47,097","47,267","47,431",68.6,68.9,69.1,,170,,"10,505","9,471","9,307",,Totnes,577,South West,"67,962","47,843","47,911","48,082",70.4,70.5,70.7,,68,,"10,276","8,784","8,613"
579,Truro and Falmouth,E14001003,County,South West,Cornwall,"73,601","51,544","51,622","51,740",70.0,70.1,70.3,,78,,"11,062","9,863","9,745",,Truro & Falmouth,579,South West,"70,598","48,768","48,841","49,089",69.1,69.2,69.5,,73,,"9,307","8,163","7,915"
609,Wells,E14001026,County,South West,Somerset,"79,405","56,904","57,086","57,678",71.7,71.9,72.6,,182,,"14,239","13,037","12,445",,Wells,609,South West,"79,432","55,864","55,963","56,011",70.3,70.5,70.5,,99,,"14,162","10,998","10,950"
200,West Dorset,E14001031,County,South West,Dorset,"78,000","56,458","56,643","56,991",72.4,72.6,73.1,,185,,"11,886","10,507","10,159",,Dorset West,200,South West,"76,869","57,337","57,418","57,671",74.6,74.7,75.0,,81,,"11,210","10,046","9,793"
617,Weston-Super-Mare,E14001038,County,South West,Avon,"80,309","52,552","52,783","53,049",65.4,65.7,66.1,,231,,"12,685","10,488","10,222",,Weston-Super-Mare,617,South West,"78,487","52,716","52,771","53,007",67.2,67.2,67.5,,55,,"10,088","8,663","8,427"
646,Yeovil,E14001060,County,South West,Somerset,"82,447","56,933","57,096","57,143",69.1,69.3,69.3,,163,,"18,494","15,917","15,870",,Yeovil,646,South West,"82,314","57,160","57,241","57,757",69.4,69.5,70.2,,81,,"17,170","15,274","14,758"
8,Aldridge-Brownhills,E14000531,Borough,West Midlands,West Midlands,"60,215","39,497","39,602","39,704",65.6,65.8,65.9,,105,,"8,186","6,678","6,576",,Aldridge-Brownhills,8,West Midlands,"58,909","38,634","38,811","39,162",65.6,65.9,66.5,,177,,"7,514","6,093","5,742"
57,"Birmingham, Edgbaston",E14000560,Borough,West Midlands,West Midlands,"65,591","41,293","41,449","41,811",63.0,63.2,63.7,,156,,"7,912","6,956","6,594",,Birmingham Edgbaston,57,West Midlands,"68,573","41,571","41,659","42,194",60.6,60.8,61.5,,88,,"7,812","6,620","6,085"
58,"Birmingham, Erdington",E14000561,Borough,West Midlands,West Midlands,"65,128","34,684","34,793","35,083",53.3,53.4,53.9,,109,,"5,278","4,475","4,185",,Birmingham Erdington,58,West Midlands,"66,405","35,546","35,660","35,965",53.5,53.7,54.2,,114,,"5,108","4,151","3,846"
59,"Birmingham, Hall Green",E14000562,Borough,West Midlands,West Midlands,"76,330","47,046","47,323","47,640",61.6,62.0,62.4,,277,,"7,541","6,121","5,804",,Birmingham Hall Green,59,West Midlands,"76,580","48,727","49,082","49,803",63.6,64.1,65.0,,355,,"8,764","7,025","6,304"
60,"Birmingham, Hodge Hill",E14000563,Borough,West Midlands,West Midlands,"75,302","41,039","41,306","41,643",54.5,54.9,55.3,,267,,"6,171","4,982","4,645",,Birmingham Hodge Hill,60,West Midlands,"75,040","42,472","42,898","43,439",56.6,57.2,57.9,,426,,"6,757","5,357","4,816"
61,"Birmingham, Ladywood",E14000564,Borough,West Midlands,West Midlands,"68,128","35,916","36,169","36,579",52.7,53.1,53.7,,253,,"5,158","4,245","3,835",,Birmingham Ladywood,61,West Midlands,"73,646","35,833","36,200","36,695",48.7,49.2,49.8,,367,,"5,810","4,550","4,055"
62,"Birmingham, Northfield",E14000565,Borough,West Midlands,West Midlands,"71,428","42,461","42,559","42,791",59.4,59.6,59.9,,98,,"7,696","6,707","6,475",,Birmingham Northfield,62,West Midlands,"71,338","41,814","41,886","42,195",58.6,58.7,59.1,,72,,"6,471","5,507","5,198"
63,"Birmingham, Perry Barr",E14000566,Borough,West Midlands,West Midlands,"69,943","41,260","41,532","41,762",59.0,59.4,59.7,,272,,"5,163","4,321","4,091",,Birmingham Perry Barr,63,West Midlands,"71,304","42,045","42,338","42,821",59.0,59.4,60.1,,293,,"5,269","4,147","3,664"
64,"Birmingham, Selly Oak",E14000567,Borough,West Midlands,West Midlands,"75,092","45,294","45,469","45,724",60.3,60.6,60.9,,175,,"6,270","5,408","5,153",,Birmingham Selly Oak,64,West Midlands,"74,805","46,563","46,667","46,995",62.2,62.4,62.8,,104,,"6,148","5,162","4,834"
65,"Birmingham, Yardley",E14000568,Borough,West Midlands,West Midlands,"72,146","41,151","41,313","41,581",57.0,57.3,57.6,,162,,"6,364","5,286","5,018",,Birmingham Yardley,65,West Midlands,"72,321","40,850","40,989","41,461",56.5,56.7,57.3,,139,,"6,659","5,491","5,019"
105,Bromsgrove,E14000605,County,West Midlands,Hereford and Worcester,"73,337","52,245","52,418","52,706",71.2,71.5,71.9,,173,,"11,046","9,787","9,499",,Bromsgrove,105,West Midlands,"73,036","51,630","51,728","51,943",70.7,70.8,71.1,,98,,"10,709","9,078","8,863"
110,Burton,E14000610,County,West Midlands,Staffordshire,"75,248","48,974","49,150","49,416",65.1,65.3,65.7,,176,,"16,575","14,543","14,277",,Burton,110,West Midlands,"74,874","49,823","49,932","50,506",66.5,66.7,67.5,,109,,"17,285","15,019","14,445"
124,Cannock Chase,E14000618,County,West Midlands,Staffordshire,"74,532","47,099","47,268","47,556",63.2,63.4,63.8,,169,,"11,049","9,623","9,335",,Cannock Chase,124,West Midlands,"74,508","45,559","45,647","45,979",61.1,61.3,61.7,,88,,"10,061","7,637","7,305"
165,Coventry North East,E14000649,Borough,West Midlands,West Midlands,"75,462","42,231","42,416","42,774",56.0,56.2,56.7,,185,,"7,498","6,291","5,933",,Coventry North East,165,West Midlands,"73,035","43,383","43,563","44,071",59.4,59.6,60.3,,180,,"8,388","6,931","6,423"
166,Coventry North West,E14000650,Borough,West Midlands,West Midlands,"73,626","45,246","45,418","45,674",61.5,61.7,62.0,,172,,"7,866","6,741","6,485",,Coventry North West,166,West Midlands,"72,871","46,560","46,683","47,056",63.9,64.1,64.6,,123,,"8,449","7,137","6,764"
167,Coventry South,E14000651,Borough,West Midlands,West Midlands,"70,397","43,699","43,877","44,216",62.1,62.3,62.8,,178,,"7,822","6,879","6,540",,Coventry South,167,West Midlands,"73,652","45,924","46,096","46,592",62.4,62.6,63.3,,172,,"8,756","7,453","6,957"
204,Dudley North,E14000671,Borough,West Midlands,West Midlands,"60,717","37,992","38,089","38,341",62.6,62.7,63.1,,97,,"7,478","6,615","6,363",,Dudley North,204,West Midlands,"60,838","38,602","38,695","39,060",63.5,63.6,64.2,,93,,"7,493","6,220","5,855"
205,Dudley South,E14000672,Borough,West Midlands,West Midlands,"60,363","38,210","38,295","38,518",63.3,63.4,63.8,,85,,"7,572","6,652","6,429",,Dudley South,205,West Midlands,"60,572","38,165","38,257","38,553",63.0,63.2,63.6,,92,,"7,063","5,822","5,526"
282,Halesowen and Rowley Regis,E14000722,Borough,West Midlands,West Midlands,"66,048","43,818","43,937","44,183",66.3,66.5,66.9,,119,,"8,951","7,808","7,562",,Halesowen & Rowley Regis,282,West Midlands,"63,693","43,979","44,120","44,479",69.0,69.3,69.8,,141,,"8,451","6,967","6,608"
306,Hereford and South Herefordshire,E14000743,County,West Midlands,Hereford and Worcester,"71,485","47,257","47,459","47,703",66.1,66.4,66.7,,202,,"11,418","9,992","9,748",,Hereford & Herefordshire South,306,West Midlands,"72,021","48,381","48,453","48,544",67.2,67.3,67.4,,72,,"11,364","9,951","9,860"
339,Kenilworth and Southam,E14000767,County,West Midlands,Warwickshire,"63,957","48,791","48,920","49,092",76.3,76.5,76.8,,129,,"11,184","9,470","9,298",,Kenilworth & Southam,339,West Midlands,"64,362","48,431","48,508","48,898",75.2,75.4,76.0,,77,,"9,622","8,502","8,112"
367,Lichfield,E14000791,County,West Midlands,Staffordshire,"74,234","51,467","51,614","51,881",69.3,69.5,69.9,,147,,"8,463","7,394","7,127",,Lichfield,367,West Midlands,"72,586","51,563","51,652","51,824",71.0,71.2,71.4,,89,,"7,560","6,460","6,288"
379,Ludlow,E14000799,County,West Midlands,Shropshire,"66,374","48,063","48,183","48,336",72.4,72.6,72.8,,120,,"10,226","9,312","9,159",,Ludlow,379,West Midlands,"66,632","48,732","48,794","49,073",73.1,73.2,73.6,,62,,"9,502","8,401","8,122"
392,Meriden,E14000812,County,West Midlands,West Midlands,"81,928","52,603","52,764","52,876",64.2,64.4,64.5,,161,,"10,680","9,233","9,121",,Meriden,392,West Midlands,"82,228","52,162","52,268","52,509",63.4,63.6,63.9,,106,,"9,173","7,644","7,403"
634,Mid Worcestershire,E14000818,County,West Midlands,Hereford and Worcester,"73,069","52,225","52,424","52,682",71.5,71.7,72.1,,199,,"13,011","11,541","11,283",,Worcestershire Mid,634,West Midlands,"72,145","50,931","50,996","51,367",70.6,70.7,71.2,,65,,"12,926","11,183","10,812"
413,Newcastle-under-Lyme,E14000834,Borough,West Midlands,Staffordshire,"67,619","42,997","43,122","43,366",63.6,63.8,64.1,,125,,"9,262","7,676","7,432",,Newcastle-under-Lyme,413,West Midlands,"69,433","43,191","43,303","43,811",62.2,62.4,63.1,,112,,"7,258","6,143","5,635"
307,North Herefordshire,E14000847,County,West Midlands,Hereford and Worcester,"67,926","48,023","48,213","48,354",70.7,71.0,71.2,,190,,"9,566","8,450","8,309",,Herefordshire North,307,West Midlands,"66,946","47,568","47,637","47,829",71.1,71.2,71.4,,69,,"8,771","7,705","7,513"
511,North Shropshire,E14000849,County,West Midlands,Shropshire,"78,858","52,573","52,689","52,824",66.7,66.8,67.0,,116,,"10,490","9,280","9,145",,Shropshire North,511,West Midlands,"78,930","51,869","51,960","52,089",65.7,65.8,66.0,,91,,"10,454","8,873","8,744"
602,North Warwickshire,E14000854,County,West Midlands,Warwickshire,"70,152","47,377","47,514","47,693",67.5,67.7,68.0,,137,,"7,803","6,758","6,579",,Warwickshire North,602,West Midlands,"70,138","47,265","47,361","47,468",67.4,67.5,67.7,,96,,"6,345","5,221","5,114"
435,Nuneaton,E14000868,County,West Midlands,Warwickshire,"68,037","45,749","45,824","46,040",67.2,67.4,67.7,,75,,"7,364","6,575","6,359",,Nuneaton,435,West Midlands,"67,837","44,646","44,758","45,033",65.8,66.0,66.4,,112,,"6,371","5,349","5,074"
467,Redditch,E14000892,County,West Midlands,Hereford and Worcester,"65,531","44,098","44,222","44,401",67.3,67.5,67.8,,124,,"9,348","8,300","8,121",,Redditch,467,West Midlands,"66,573","44,018","44,090","44,133",66.1,66.2,66.3,,72,,"9,672","8,256","8,213"
483,Rugby,E14000905,County,West Midlands,Warwickshire,"71,655","49,006","49,099","49,427",68.4,68.5,69.0,,93,,"11,366","10,092","9,764",,Rugby,483,West Midlands,"68,914","47,468","47,560","47,894",68.9,69.0,69.5,,92,,"9,032","7,915","7,581"
510,Shrewsbury and Atcham,E14000926,County,West Midlands,Shropshire,"76,400","54,102","54,215","54,338",70.8,71.0,71.1,,113,,"13,184","11,963","11,840",,Shrewsbury & Atcham,510,West Midlands,"75,446","53,045","53,118","53,381",70.3,70.4,70.8,,73,,"13,505","12,045","11,782"
516,Solihull,E14000931,Borough,West Midlands,West Midlands,"77,956","54,779","54,919","55,127",70.3,70.4,70.7,,140,,"13,017","11,565","11,357",,Solihull,516,West Midlands,"76,288","55,129","55,230","55,481",72.3,72.4,72.7,,101,,"11,451","9,545","9,294"
530,South Staffordshire,E14000945,County,West Midlands,Staffordshire,"72,771","49,598","49,751","50,519",68.2,68.4,69.4,,153,,"9,403","8,491","7,723",,Staffordshire South,530,West Midlands,"73,849","50,440","50,496","50,552",68.3,68.4,68.5,,56,,"8,064","6,915","6,859"
528,Stafford,E14000965,County,West Midlands,Staffordshire,"68,705","48,767","48,940","49,239",71.0,71.2,71.7,,173,,"9,375","8,285","7,986",,Stafford,528,West Midlands,"70,667","50,239","50,323","50,451",71.1,71.2,71.4,,84,,"8,463","6,937","6,809"
529,Staffordshire Moorlands,E14000966,County,West Midlands,Staffordshire,"63,104","42,587","42,713","43,115",67.5,67.7,68.3,,126,,"9,018","7,777","7,375",,Staffordshire Moorlands,529,West Midlands,"62,137","43,815","43,886","44,046",70.5,70.6,70.9,,71,,"8,186","7,113","6,953"
537,Stoke-on-Trent Central,E14000972,Borough,West Midlands,Staffordshire,"60,634","31,084","31,234","31,461",51.3,51.5,51.9,,150,,"5,850","4,913","4,686",,Stoke-on-Trent Central,537,West Midlands,"61,003","32,470","32,568","32,820",53.2,53.4,53.8,,98,,"5,792","4,801","4,549"
538,Stoke-on-Trent North,E14000973,Borough,West Midlands,Staffordshire,"71,438","38,654","38,822","39,054",54.1,54.3,54.7,,168,,"7,390","4,405","4,173",,Stoke-on-Trent North,538,West Midlands,"72,054","40,196","40,304","40,573",55.8,55.9,56.3,,108,,"6,976","5,685","5,416"
539,Stoke-on-Trent South,E14000974,Borough,West Midlands,Staffordshire,"68,091","39,107","39,266","39,552",57.4,57.7,58.1,,159,,"7,021","5,914","5,628",,Stoke-on-Trent South,539,West Midlands,"68,032","39,852","39,962","40,202",58.6,58.7,59.1,,110,,"6,690","5,608","5,368"
540,Stone,E14000975,County,West Midlands,Staffordshire,"67,339","47,031","47,169","47,424",69.8,70.0,70.4,,138,,"9,022","7,515","7,260",,Stone,540,West Midlands,"67,062","47,229","47,309","47,593",70.4,70.5,71.0,,80,,"6,647","6,279","5,995"
541,Stourbridge,E14000976,Borough,West Midlands,West Midlands,"69,077","46,029","46,132","46,399",66.6,66.8,67.2,,103,,"9,531","8,491","8,224",,Stourbridge,541,West Midlands,"69,637","47,234","47,316","47,684",67.8,67.9,68.5,,82,,"9,166","7,847","7,479"
543,Stratford-on-Avon,E14000977,County,West Midlands,Warwickshire,"71,304","51,459","51,616","52,257",72.2,72.4,73.3,,157,,"13,651","12,310","11,669",,Stratford-on-Avon,543,West Midlands,"69,517","50,542","50,637","50,887",72.7,72.8,73.2,,95,,"10,700","9,197","8,947"
557,Sutton Coldfield,E14000985,Borough,West Midlands,West Midlands,"74,956","50,854","51,027","51,259",67.8,68.1,68.4,,173,,"8,365","7,275","7,043",,Sutton Coldfield,557,West Midlands,"74,489","50,589","50,685","51,020",67.9,68.0,68.5,,96,,"7,783","6,627","6,292"
562,Tamworth,E14000986,County,West Midlands,Staffordshire,"71,913","47,174","47,279","47,598",65.6,65.7,66.2,,105,,"12,242","10,787","10,468",,Tamworth,562,West Midlands,"71,962","46,390","46,482","46,849",64.5,64.6,65.1,,92,,"9,500","7,593","7,226"
565,Telford,E14000989,Borough,West Midlands,Shropshire,"66,166","40,645","40,859","41,285",61.4,61.8,62.4,,214,,"19,315","16,441","16,015",,Telford,565,West Midlands,"65,061","41,310","41,379","41,907",63.5,63.6,64.4,,69,,"20,709","17,981","17,453"
640,The Wrekin,E14000992,County,West Midlands,Shropshire,"65,942","45,437","45,643","46,038",68.9,69.2,69.8,,206,,"19,200","16,908","16,513",,"Wrekin, The",640,West Midlands,"65,544","45,968","46,078","46,231",70.1,70.3,70.5,,110,,"20,771","17,712","17,559"
593,Walsall North,E14001011,Borough,West Midlands,West Midlands,"67,080","36,883","37,020","37,120",55.0,55.2,55.3,,137,,"7,774","6,315","6,215",,Walsall North,593,West Midlands,"64,034","36,187","36,273","36,669",56.5,56.6,57.3,,86,,"7,540","5,794","5,398"
594,Walsall South,E14001012,Borough,West Midlands,West Midlands,"67,743","41,838","42,036","42,190",61.8,62.1,62.3,,198,,"8,554","6,793","6,639",,Walsall South,594,West Midlands,"64,387","40,882","41,136","41,653",63.5,63.9,64.7,,254,,"8,405","6,532","6,015"
598,Warley,E14001016,Borough,West Midlands,West Midlands,"63,738","37,829","38,038","38,192",59.4,59.7,59.9,,209,,"7,213","5,757","5,603",,Warley,598,West Midlands,"62,751","38,270","38,539","39,148",61.0,61.4,62.4,,269,,"7,202","5,768","5,159"
601,Warwick and Leamington,E14001019,Borough,West Midlands,Warwickshire,"71,578","50,581","50,794","51,018",70.7,71.0,71.3,,213,,"10,917","9,214","8,990",,Warwick & Leamington,601,West Midlands,"67,800","49,032","49,128","49,572",72.3,72.5,73.1,,96,,"9,785","8,734","8,290"
612,West Bromwich East,E14001029,Borough,West Midlands,West Midlands,"63,637","37,492","37,633","37,761",58.9,59.1,59.3,,141,,"5,827","4,981","4,853",,West Bromwich East,612,West Midlands,"62,668","37,950","38,089","38,408",60.6,60.8,61.3,,139,,"5,811","4,668","4,349"
613,West Bromwich West,E14001030,Borough,West Midlands,West Midlands,"65,524","35,026","35,156","35,337",53.5,53.7,53.9,,130,,"6,933","5,568","5,387",,West Bromwich West,613,West Midlands,"64,859","36,171","36,319","36,883",55.8,56.0,56.9,,148,,"7,080","5,652","5,088"
635,West Worcestershire,E14001035,County,West Midlands,Hereford and Worcester,"73,394","54,100","54,298","54,533",73.7,74.0,74.3,,198,,"11,550","10,305","10,070",,Worcestershire West,635,West Midlands,"72,807","54,093","54,200","54,610",74.3,74.4,75.0,,107,,"9,775","8,884","8,474"
630,Wolverhampton North East,E14001049,Borough,West Midlands,West Midlands,"61,065","34,003","34,133","34,397",55.7,55.9,56.3,,130,,"6,368","5,380","5,116",,Wolverhampton North East,630,West Midlands,"58,931","34,894","35,030","35,236",59.2,59.4,59.8,,136,,"7,112","5,130","4,924"
631,Wolverhampton South East,E14001050,Borough,West Midlands,West Midlands,"62,556","34,764","34,902","35,169",55.6,55.8,56.2,,138,,"5,456","3,886","3,619",,Wolverhampton South East,631,West Midlands,"59,884","34,707","34,936","35,093",58.0,58.3,58.6,,229,,"5,909","4,239","4,082"
632,Wolverhampton South West,E14001051,Borough,West Midlands,West Midlands,"60,368","40,209","40,348","40,696",66.6,66.8,67.4,,139,,"8,107","7,152","6,804",,Wolverhampton South West,632,West Midlands,"58,845","40,160","40,323","40,748",68.2,68.5,69.2,,163,,"8,514","6,149","5,724"
633,Worcester,E14001052,Borough,West Midlands,Hereford and Worcester,"72,461","49,723","49,860","50,091",68.6,68.8,69.1,,137,,"12,466","10,722","10,491",,Worcester,633,West Midlands,"72,835","48,974","49,073","49,270",67.2,67.4,67.6,,99,,"11,115","9,039","8,842"
644,Wyre Forest,E14001058,County,West Midlands,Hereford and Worcester,"77,407","49,440","49,548","49,707",63.9,64.0,64.2,,108,,"11,879","10,081","9,922",,Wyre Forest,644,West Midlands,"76,713","50,899","51,034","51,057",66.3,66.5,66.6,,135,,"10,768","8,896","8,873"
29,Barnsley Central,E14000541,Borough,Yorkshire and the Humber,South Yorkshire,"64,534","36,560","36,670","37,071",56.7,56.8,57.4,,110,,"11,246","9,718","9,317",,Barnsley Central,29,Yorkshire and the Humber,"65,543","37,001","37,087","37,467",56.5,56.6,57.2,,86,,"10,750","8,740","8,360"
30,Barnsley East,E14000542,County,Yorkshire and the Humber,South Yorkshire,"69,135","38,517","38,697","39,188",55.7,56.0,56.7,,180,,"11,922","10,182","9,691",,Barnsley East,30,Yorkshire and the Humber,"68,435","38,386","38,474","38,874",56.1,56.2,56.8,,88,,"11,369","8,760","8,360"
37,Batley and Spen,E14000548,Borough,Yorkshire and the Humber,West Yorkshire,"78,373","50,479","50,679","51,127",64.4,64.7,65.2,,200,,"11,907","10,538","10,090",,Batley & Spen,37,Yorkshire and the Humber,"76,738","51,109","51,242","51,549",66.6,66.8,67.2,,133,,"12,448","10,456","10,149"
53,Beverley and Holderness,E14000556,County,Yorkshire and the Humber,Humberside,"80,805","52,677","52,836","52,978",65.2,65.4,65.6,,159,,"8,809","7,374","7,232",,Beverley & Holderness,53,Yorkshire and the Humber,"79,318","53,199","53,278","53,464",67.1,67.2,67.4,,79,,"7,263","6,176","5,990"
85,Bradford East,E14000587,Borough,Yorkshire and the Humber,West Yorkshire,"66,121","41,406","41,613","42,444",62.6,62.9,64.2,,207,,"11,691","10,402","9,571",,Bradford East,85,Yorkshire and the Humber,"65,116","40,457","40,657","41,574",62.1,62.4,63.8,,200,,"13,401","11,437","10,520"
86,Bradford South,E14000588,Borough,Yorkshire and the Humber,West Yorkshire,"63,674","37,600","37,706","38,094",59.1,59.2,59.8,,106,,"9,006","7,873","7,485",,Bradford South,86,Yorkshire and the Humber,"63,580","37,995","38,118","38,536",59.8,60.0,60.6,,123,,"9,421","7,968","7,550"
87,Bradford West,E14000589,Borough,Yorkshire and the Humber,West Yorkshire,"63,372","40,290","40,527","41,289",63.6,64.0,65.2,,237,,"10,765","9,274","8,512",,Bradford West,87,Yorkshire and the Humber,"62,519","40,576","40,830","41,706",64.9,65.3,66.7,,254,,"10,778","9,262","8,386"
96,Brigg and Goole,E14000596,County,Yorkshire and the Humber,Humberside,"68,488","43,270","43,438","43,857",63.2,63.4,64.0,,168,,"12,665","10,642","10,223",,Brigg & Goole,96,Yorkshire and the Humber,"67,345","43,874","43,943","44,258",65.1,65.3,65.7,,69,,"11,595","9,984","9,669"
116,Calder Valley,E14000614,County,Yorkshire and the Humber,West Yorkshire,"77,754","53,541","53,761","54,290",68.9,69.1,69.8,,220,,"18,483","16,445","15,916",,Calder Valley,116,Yorkshire and the Humber,"76,903","51,780","51,939","52,508",67.3,67.5,68.3,,159,,"19,119","16,605","16,036"
153,Cleethorpes,E14000643,County,Yorkshire and the Humber,Humberside,"71,008","45,089","45,221","45,534",63.5,63.7,64.1,,132,,"11,814","10,028","9,715",,Cleethorpes,153,Yorkshire and the Humber,"70,214","44,966","45,093","45,589",64.0,64.2,64.9,,127,,"11,364","9,321","8,825"
158,Colne Valley,E14000645,County,Yorkshire and the Humber,West Yorkshire,"82,516","56,800","56,953","57,474",68.8,69.0,69.7,,153,,"16,135","14,484","13,963",,Colne Valley,158,Yorkshire and the Humber,"80,060","55,296","55,401","55,760",69.1,69.2,69.6,,105,,"16,709","14,358","13,999"
193,Dewsbury,E14000666,County,Yorkshire and the Humber,West Yorkshire,"79,770","53,630","53,868","55,138",67.2,67.5,69.1,,238,,"14,334","12,868","11,598",,Dewsbury,193,Yorkshire and the Humber,"78,910","54,008","54,167","54,665",68.4,68.6,69.3,,159,,"14,158","12,031","11,533"
194,Don Valley,E14000667,County,Yorkshire and the Humber,South Yorkshire,"71,299","42,486","42,657","43,029",59.6,59.8,60.4,,171,,"21,710","18,179","17,807",,Don Valley,194,Yorkshire and the Humber,"72,597","43,420","43,549","43,718",59.8,60.0,60.2,,129,,"22,789","15,742","15,573"
195,Doncaster Central,E14000668,Borough,Yorkshire and the Humber,South Yorkshire,"71,136","40,420","40,628","40,892",56.8,57.1,57.5,,208,,"19,555","15,807","15,543",,Doncaster Central,195,Yorkshire and the Humber,"72,985","41,745","41,864","42,089",57.2,57.4,57.7,,119,,"21,307","15,251","15,026"
196,Doncaster North,E14000669,County,Yorkshire and the Humber,South Yorkshire,"70,989","39,501","39,667","39,953",55.6,55.9,56.3,,166,,"18,818","16,897","16,611",,Doncaster North,196,Yorkshire and the Humber,"71,681","41,483","41,622","41,687",57.9,58.1,58.2,,139,,"19,981","16,468","16,403"
650,East Yorkshire,E14000683,County,Yorkshire and the Humber,Humberside,"81,023","49,991","50,218","50,410",61.7,62.0,62.2,,227,,"8,943","7,484","7,292",,Yorkshire East,650,Yorkshire and the Humber,"80,105","51,254","51,328","51,565",64.0,64.1,64.4,,74,,"7,579","6,478","6,241"
235,Elmet and Rothwell,E14000689,County,Yorkshire and the Humber,West Yorkshire,"79,143","57,797","57,950","58,865",73.0,73.2,74.4,,153,,"15,975","14,058","13,143",,Elmet & Rothwell,235,Yorkshire and the Humber,"77,724","55,789","55,873","55,998",71.8,71.9,72.0,,84,,"14,475","11,671","11,546"
276,Great Grimsby,E14000716,Borough,Yorkshire and the Humber,Humberside,"59,200","33,731","33,835","34,032",57.0,57.2,57.5,,104,,"7,377","6,173","5,976",,Great Grimsby,276,Yorkshire and the Humber,"61,229","32,954","33,048","33,070",53.8,54.0,54.0,,94,,"6,955","5,129","5,107"
283,Halifax,E14000723,Borough,Yorkshire and the Humber,West Yorkshire,"70,462","43,753","43,994","44,564",62.1,62.4,63.2,,241,,"15,634","13,560","12,990",,Halifax,283,Yorkshire and the Humber,"70,380","43,555","43,797","44,560",61.9,62.2,63.3,,242,,"16,463","13,926","13,163"
284,Haltemprice and Howden,E14000724,County,Yorkshire and the Humber,Humberside,"71,195","48,757","48,937","49,054",68.5,68.7,68.9,,180,,"10,790","9,329","9,212",,Haltemprice & Howden,284,Yorkshire and the Humber,"70,254","48,737","48,822","49,067",69.4,69.5,69.8,,85,,"10,496","9,105","8,860"
293,Harrogate and Knaresborough,E14000730,County,Yorkshire and the Humber,North Yorkshire,"76,408","53,376","53,514","53,863",69.9,70.0,70.5,,138,,"16,207","14,270","13,921",,Harrogate & Knaresborough,293,Yorkshire and the Humber,"74,760","53,134","53,209","53,414",71.1,71.2,71.4,,75,,"15,934","13,445","13,240"
303,Hemsworth,E14000740,County,Yorkshire and the Humber,West Yorkshire,"72,714","42,406","42,573","43,235",58.3,58.5,59.5,,167,,"12,339","10,667","10,005",,Hemsworth,303,Yorkshire and the Humber,"75,542","43,840","43,948","44,435",58.0,58.2,58.8,,108,,"13,349","10,680","10,193"
322,Huddersfield,E14000756,Borough,Yorkshire and the Humber,West Yorkshire,"65,269","40,478","40,651","41,172",62.0,62.3,63.1,,173,,"10,403","9,083","8,562",,Huddersfield,322,Yorkshire and the Humber,"66,318","40,524","40,679","40,954",61.1,61.3,61.8,,155,,"11,104","9,125","8,850"
338,Keighley,E14000766,County,Yorkshire and the Humber,West Yorkshire,"68,865","49,123","49,321","49,869",71.3,71.6,72.4,,198,,"13,494","12,086","11,538",,Keighley,338,Yorkshire and the Humber,"65,893","47,692","47,922","48,362",72.4,72.7,73.4,,230,,"12,662","11,214","10,774"
323,Kingston upon Hull East,E14000771,Borough,Yorkshire and the Humber,Humberside,"65,710","35,144","35,246","35,486",53.5,53.6,54.0,,102,,"5,981","5,144","4,904",,Hull East,323,Yorkshire and the Humber,"67,530","34,184","34,270","34,386",50.6,50.7,50.9,,86,,"4,536","3,398","3,282"
324,Kingston upon Hull North,E14000772,Borough,Yorkshire and the Humber,Humberside,"64,148","35,336","35,472","35,645",55.1,55.3,55.6,,136,,"5,336","4,409","4,236",,Hull North,324,Yorkshire and the Humber,"64,082","33,291","33,392","33,611",52.0,52.1,52.4,,101,,"3,756","3,004","2,785"
325,Kingston upon Hull West and Hessle,E14000773,Borough,Yorkshire and the Humber,Humberside,"59,100","31,803","31,886","32,042",53.8,54.0,54.2,,83,,"5,550","4,612","4,456",,Hull West & Hessle,325,Yorkshire and the Humber,"57,264","31,505","31,567","31,740",55.0,55.1,55.4,,62,,"4,044","3,291","3,118"
351,Leeds Central,E14000777,Borough,Yorkshire and the Humber,West Yorkshire,"81,799","45,048","45,261","46,155",55.1,55.3,56.4,,213,,"11,607","9,307","8,413",,Leeds Central,351,Yorkshire and the Humber,"81,266","37,394","37,542","37,716",46.0,46.2,46.4,,148,,"11,050","7,849","7,675"
352,Leeds East,E14000778,Borough,Yorkshire and the Humber,West Yorkshire,"64,754","38,196","38,382","39,291",59.0,59.3,60.7,,186,,"12,361","10,150","9,241",,Leeds East,352,Yorkshire and the Humber,"64,698","37,813","37,906","38,110",58.4,58.6,58.9,,93,,"13,928","9,947","9,743"
353,Leeds North East,E14000779,Borough,Yorkshire and the Humber,West Yorkshire,"69,097","48,291","48,530","49,460",69.9,70.2,71.6,,239,,"13,356","11,414","10,484",,Leeds North East,353,Yorkshire and the Humber,"67,899","47,535","47,664","47,787",70.0,70.2,70.4,,129,,"13,113","10,566","10,443"
354,Leeds North West,E14000780,Borough,Yorkshire and the Humber,West Yorkshire,"61,974","43,357","43,516","44,259",70.0,70.2,71.4,,159,,"13,367","11,710","10,967",,Leeds North West,354,Yorkshire and the Humber,"65,399","43,483","43,589","43,644",66.5,66.7,66.7,,106,,"12,500","10,485","10,430"
355,Leeds West,E14000781,Borough,Yorkshire and the Humber,West Yorkshire,"64,950","38,423","38,576","39,560",59.2,59.4,60.9,,153,,"9,720","8,457","7,473",,Leeds West,355,Yorkshire and the Humber,"67,453","38,752","38,878","38,913",57.5,57.6,57.7,,126,,"9,801","7,269","7,234"
405,Morley and Outwood,E14000826,County,Yorkshire and the Humber,West Yorkshire,"75,820","48,250","48,389","49,361",63.6,63.8,65.1,,139,,"12,836","11,828","10,856",,Morley & Outwood,405,Yorkshire and the Humber,"74,891","48,856","48,926","49,098",65.2,65.3,65.6,,70,,"12,492","10,175","10,003"
426,"Normanton, Pontefract and Castleford",E14000836,County,Yorkshire and the Humber,West Yorkshire,"82,592","45,897","46,080","46,532",55.6,55.8,56.3,,183,,"13,204","11,372","10,920",,"Normanton, Pontefract & Castleford",426,Yorkshire and the Humber,"82,336","46,239","46,344","46,709",56.2,56.3,56.7,,105,,"12,274","10,854","10,489"
448,Penistone and Stocksbridge,E14000876,County,Yorkshire and the Humber,South Yorkshire,"70,817","46,854","47,060","47,211",66.2,66.5,66.7,,206,,"14,914","12,738","12,587",,Penistone & Stocksbridge,448,Yorkshire and the Humber,"68,480","46,516","46,599","47,074",67.9,68.0,68.7,,83,,"14,515","12,426","11,951"
461,Pudsey,E14000886,Borough,Yorkshire and the Humber,West Yorkshire,"70,533","50,927","51,061","51,746",72.2,72.4,73.4,,134,,"15,271","13,323","12,638",,Pudsey,461,Yorkshire and the Humber,"69,257","49,083","49,174","49,301",70.9,71.0,71.2,,91,,"14,274","11,921","11,794"
472,Richmond (Yorks),E14000895,County,Yorkshire and the Humber,North Yorkshire,"79,062","53,999","54,163","54,489",68.3,68.5,68.9,,164,,"14,042","12,049","11,723",,Richmond (Yorks),472,Yorkshire and the Humber,"80,563","53,412","53,547","53,816",66.3,66.5,66.8,,135,,"13,800","11,312","11,043"
481,Rother Valley,E14000903,County,Yorkshire and the Humber,South Yorkshire,"74,275","47,019","47,214","47,799",63.3,63.6,64.4,,195,,"19,810","17,240","16,655",,Rother Valley,481,Yorkshire and the Humber,"72,847","46,758","46,852","47,464",64.2,64.3,65.2,,94,,"19,346","16,820","16,208"
482,Rotherham,E14000904,Borough,Yorkshire and the Humber,South Yorkshire,"63,698","37,823","37,976","38,558",59.4,59.6,60.5,,153,,"16,216","14,124","13,542",,Rotherham,482,Yorkshire and the Humber,"63,563","37,506","37,601","38,348",59.0,59.2,60.3,,95,,"16,502","14,246","13,499"
497,Scarborough and Whitby,E14000913,County,Yorkshire and the Humber,North Yorkshire,"73,511","47,739","47,925","48,204",64.9,65.2,65.6,,186,,"11,787","10,320","10,041",,Scarborough & Whitby,497,Yorkshire and the Humber,"75,470","49,282","49,328","49,577",65.3,65.4,65.7,,46,,"11,450","10,061","9,812"
498,Scunthorpe,E14000914,County,Yorkshire and the Humber,Humberside,"64,025","36,941","37,074","37,447",57.7,57.9,58.5,,133,,"11,729","9,740","9,367",,Scunthorpe,498,Yorkshire and the Humber,"63,089","37,034","37,076","37,444",58.7,58.8,59.4,,42,,"10,801","9,046","8,678"
501,Selby and Ainsty,E14000917,County,Yorkshire and the Humber,North Yorkshire,"76,082","52,804","52,976","53,182",69.4,69.6,69.9,,172,,"13,593","11,955","11,749",,Selby & Ainsty,501,Yorkshire and the Humber,"72,804","51,728","51,803","52,050",71.1,71.2,71.5,,75,,"13,409","11,519","11,272"
504,Sheffield Central,E14000919,Borough,Yorkshire and the Humber,South Yorkshire,"72,321","44,173","44,372","44,531",61.1,61.4,61.6,,199,,"11,530","9,640","9,481",,Sheffield Central,504,Yorkshire and the Humber,"67,554","41,468","41,609","42,165",61.4,61.6,62.4,,141,,"12,663","10,575","10,019"
507,Sheffield South East,E14000920,Borough,Yorkshire and the Humber,South Yorkshire,"70,422","41,685","41,793","41,957",59.2,59.3,59.6,,108,,"14,584","12,512","12,348",,Sheffield South East,507,Yorkshire and the Humber,"67,068","41,408","41,547","42,215",61.7,61.9,62.9,,139,,"15,078","12,691","12,023"
503,"Sheffield, Brightside and Hillsborough",E14000921,Borough,Yorkshire and the Humber,South Yorkshire,"70,874","40,053","40,202","40,332",56.5,56.7,56.9,,149,,"12,766","10,576","10,446",,Sheffield Brightside & Hillsborough,503,Yorkshire and the Humber,"67,740","38,914","39,069","39,684",57.4,57.7,58.6,,155,,"13,780","11,398","10,783"
505,"Sheffield, Hallam",E14000922,County,Yorkshire and the Humber,South Yorkshire,"72,351","55,481","55,602","55,720",76.7,76.9,77.0,,121,,"16,029","14,388","14,270",,Sheffield Hallam,505,Yorkshire and the Humber,"68,798","51,135","51,263","51,626",74.3,74.5,75.0,,128,,"14,362","12,680","12,317"
506,"Sheffield, Heeley",E14000923,Borough,Yorkshire and the Humber,South Yorkshire,"67,950","42,048","42,179","42,296",61.9,62.1,62.2,,131,,"13,719","11,673","11,556",,Sheffield Heeley,506,Yorkshire and the Humber,"65,571","40,871","40,980","41,675",62.3,62.5,63.6,,109,,"14,375","12,095","11,400"
509,Shipley,E14000925,County,Yorkshire and the Humber,West Yorkshire,"70,464","50,542","50,662","50,845",71.7,71.9,72.2,,120,,"12,883","11,467","11,284",,Shipley,509,Yorkshire and the Humber,"67,689","49,427","49,600","50,020",73.0,73.3,73.9,,173,,"12,835","11,444","11,024"
513,Skipton and Ripon,E14000928,County,Yorkshire and the Humber,North Yorkshire,"76,645","54,559","54,758","54,896",71.2,71.4,71.6,,199,,"13,213","11,535","11,397",,Skipton & Ripon,513,Yorkshire and the Humber,"77,381","54,724","54,875","55,165",70.7,70.9,71.3,,151,,"12,129","10,493","10,203"
569,Thirsk and Malton,E14000993,County,Yorkshire and the Humber,North Yorkshire,"77,451","52,365","52,535","52,763",67.6,67.8,68.1,,170,,"13,530","11,666","11,438",,Thirsk & Malton,569,Yorkshire and the Humber,"76,416","38,142","38,215","38,479",49.9,50.0,50.4,,73,,"13,050","10,260","9,996"
591,Wakefield,E14001009,County,Yorkshire and the Humber,West Yorkshire,"70,521","42,973","43,079","43,712",60.9,61.1,62.0,,106,,"12,181","10,804","10,171",,Wakefield,591,Yorkshire and the Humber,"70,812","44,444","44,538","44,920",62.8,62.9,63.4,,94,,"12,188","10,155","9,773"
611,Wentworth and Dearne,E14001028,County,Yorkshire and the Humber,South Yorkshire,"74,283","43,189","43,347","43,926",58.1,58.4,59.1,,158,,"16,990","14,678","14,099",,Wentworth & Dearne,611,Yorkshire and the Humber,"72,586","42,106","42,187","42,849",58.0,58.1,59.0,,81,,"16,760","14,174","13,512"
648,York Central,E14001061,Borough,Yorkshire and the Humber,North Yorkshire,"75,351","47,677","47,901","48,066",63.3,63.6,63.8,,224,,"7,232","6,194","6,029",,York Central,648,Yorkshire and the Humber,"76,439","46,483","46,549","46,709",60.8,60.9,61.1,,66,,"7,727","6,568","6,408"
649,York Outer,E14001062,County,Yorkshire and the Humber,North Yorkshire,"78,561","53,903","54,057","54,270",68.6,68.8,69.1,,154,,"9,655","8,467","8,254",,York Outer,649,Yorkshire and the Humber,"75,939","53,300","53,375","53,583",70.2,70.3,70.6,,75,,"9,767","8,486","8,278"
45,Belfast East,N06000001,Borough,NI, ,"63,157","39,682","39,860","39,894",62.8,63.1,63.2,,178,,684,638,604,,Belfast East,45,NI,"59,007","34,488","34,612","34,658",58.4,58.7,58.7,,124,,608,484,438
46,Belfast North,N06000002,Borough,NI, ,"68,553","40,593","40,887","40,902",59.2,59.6,59.7,,294,,588,506,491,,Belfast North,46,NI,"65,504","36,993","37,233","37,265",56.5,56.8,56.9,,240,,487,377,345
47,Belfast South,N06000003,Borough,NI, ,"64,927","38,957","39,140","39,146",60.0,60.3,60.3,,183,,601,516,510,,Belfast South,47,NI,"59,524","34,186","34,359","34,387",57.4,57.7,57.8,,173,,501,384,356
48,Belfast West,N06000004,Borough,NI, ,"62,697","35,329","35,610","35,623",56.3,56.8,56.8,,281,,449,348,335,,Belfast West,48,NI,"59,522","32,133","32,682","32,714",54.0,54.9,55.0,,549,,493,334,302
13,East Antrim,N06000005,County,NI, ,"62,811","33,497","33,688","33,702",53.3,53.6,53.7,,191,,483,430,416,,Antrim East,13,NI,"60,204","30,502","30,640","30,655",50.7,50.9,50.9,,138,,360,275,260
376,East Londonderry,N06000006,County,NI, ,"66,926","34,714","34,965","34,976",51.9,52.2,52.3,,251,,948,779,768,,Londonderry East,376,NI,"63,220","34,950","35,086","35,126",55.3,55.5,55.6,,136,,938,723,683
249,Fermanagh and South Tyrone,N06000007,County,NI, ,"70,108","50,864","51,150","51,341",72.6,73.0,73.2,,286,,"2,789","2,535","2,344",,Fermanagh & South Tyrone,249,NI,"67,908","46,803","47,066","47,352",68.9,69.3,69.7,,263,,"2,667","2,322","2,036"
255,Foyle,N06000008,County,NI, ,"70,036","37,002","37,528","37,550",52.8,53.6,53.6,,526,,936,770,748,,Foyle,255,NI,"65,843","37,889","38,190","38,235",57.5,58.0,58.1,,301,,792,648,603
347,Lagan Valley,N06000009,County,NI, ,"71,152","39,795","39,986","40,026",55.9,56.2,56.3,,191,,708,566,526,,Lagan Valley,347,NI,"65,257","36,540","36,678","36,739",56.0,56.2,56.3,,138,,791,488,427
585,Mid Ulster,N06000010,County,NI, ,"67,832","40,922","41,317","41,420",60.3,60.9,61.1,,395,,"1,687","1,458","1,355",,Ulster Mid,585,NI,"64,594","40,842","41,139","41,329",63.2,63.7,64.0,,297,,"1,660","1,372","1,182"
419,Newry and Armagh,N06000011,County,NI, ,"77,633","49,877","50,263","50,351",64.2,64.7,64.9,,386,,"1,216","1,033",945,,Newry & Armagh,419,NI,"74,308","44,906","45,249","45,321",60.4,60.9,61.0,,343,,920,690,618
14,North Antrim,N06000012,County,NI, ,"75,876","41,907","42,116","42,150",55.2,55.5,55.6,,209,,773,665,631,,Antrim North,14,NI,"73,338","42,397","42,579","42,637",57.8,58.1,58.1,,182,,726,567,509
202,North Down,N06000013,County,NI, ,"64,207","35,947","36,044","36,073",56.0,56.1,56.2,,97,,644,576,547,,Down North,202,NI,"60,698","33,481","33,543","33,563",55.2,55.3,55.3,,62,,495,400,380
15,South Antrim,N06000014,County,NI, ,"67,425","36,523","36,734","36,737",54.2,54.5,54.5,,211,,495,409,406,,Antrim South,15,NI,"63,054","34,009","34,143","34,160",53.9,54.1,54.2,,134,,421,309,292
203,South Down,N06000015,County,NI, ,"75,220","42,697","43,000","43,084",56.8,57.2,57.3,,303,,"1,037",821,737,,Down South,203,NI,"70,784","42,589","42,840","42,968",60.2,60.5,60.7,,251,,"1,192",803,675
542,Strangford,N06000016,County,NI, ,"64,289","33,924","34,104","34,131",52.8,53.0,53.1,,180,,610,513,486,,Strangford,542,NI,"60,539","32,505","32,600","32,661",53.7,53.8,54.0,,95,,636,446,385
586,Upper Bann,N06000017,County,NI, ,"80,060","47,219","47,473","47,538",59.0,59.3,59.4,,254,,974,848,783,,Upper Bann,586,NI,"74,732","41,383","41,681","41,749",55.4,55.8,55.9,,298,,821,620,552
584,West Tyrone,N06000018,County,NI, ,"63,856","38,654","39,007","39,084",60.5,61.1,61.2,,353,,"1,481","1,301","1,224",,Tyrone West,584,NI,"61,148","37,275","37,616","37,777",61.0,61.5,61.8,,341,,"1,493","1,262","1,101"
3,Aberdeen North,S14000001,Burgh,Scotland,Scotland,"67,745","43,936","44,014","44,431",64.9,65.0,65.6,,78,,"14,313","12,225","11,808",,Aberdeen North,3,Scotland,"64,808","37,701","37,777","38,210",58.2,58.3,59.0,,76,,"11,241","9,420","8,987"
4,Aberdeen South,S14000002,Burgh,Scotland,Scotland,"68,056","48,551","48,607","49,009",71.3,71.4,72.0,,56,,"15,935","13,689","13,287",,Aberdeen South,4,Scotland,"64,031","43,034","43,083","43,428",67.2,67.3,67.8,,49,,"12,041","10,363","10,018"
6,Airdrie and Shotts,S14000003,County,Scotland,Scotland,"66,792","44,286","44,331","44,555",66.3,66.4,66.7,,45,,"8,061","6,625","6,401",,Airdrie & Shotts,6,Scotland,"62,364","35,849","35,905","36,115",57.5,57.6,57.9,,56,,"5,430","4,269","4,059"
12,Angus,S14000004,County,Scotland,Scotland,"65,792","44,485","44,520","44,800",67.6,67.7,68.1,,35,,"10,719","9,256","8,976",,Angus,12,Scotland,"62,860","37,960","38,022","38,241",60.4,60.5,60.8,,62,,"7,535","6,292","6,073"
17,Argyll and Bute,S14000005,County,Scotland,Scotland,"68,875","51,883","51,942","52,148",75.3,75.4,75.7,,59,,"13,204","11,772","11,566",,Argyll & Bute,17,Scotland,"67,165","45,207","45,293","45,531",67.3,67.4,67.8,,86,,"10,170","8,584","8,346"
23,"Ayr, Carrick and Cumnock",S14000006,County,Scotland,Scotland,"72,995","52,209","52,268","52,594",71.5,71.6,72.1,,59,,"14,406","12,575","12,249",,"Ayr, Carrick & Cumnock",23,Scotland,"73,320","45,893","45,959","46,317",62.6,62.7,63.2,,66,,"12,010","10,015","9,657"
27,Banff and Buchan,S14000007,County,Scotland,Scotland,"68,609","45,629","45,741","46,209",66.5,66.7,67.4,,112,,"14,883","12,736","12,268",,Banff & Buchan,27,Scotland,"64,300","38,466","38,513","38,853",59.8,59.9,60.4,,47,,"10,642","8,788","8,448"
51,"Berwickshire, Roxburgh and Selkirk",S14000008,County,Scotland,Scotland,"74,214","55,038","55,094","55,294",74.2,74.2,74.5,,56,,"10,617","9,525","9,325",,"Berwickshire, Roxburgh & Selkirk",51,Scotland,"73,826","49,014","49,084","49,298",66.4,66.5,66.8,,70,,"7,556","6,575","6,361"
115,"Caithness, Sutherland and Easter Ross",S14000009,County,Scotland,Scotland,"47,558","34,186","34,231","34,405",71.9,72.0,72.3,,45,,"8,817","7,611","7,437",,"Caithness, Sutherland & Easter Ross",115,Scotland,"47,263","28,768","28,848","29,121",60.9,61.0,61.6,,80,,"5,497","4,444","4,171"
24,Central Ayrshire,S14000010,County,Scotland,Scotland,"70,021","50,774","50,842","51,107",72.5,72.6,73.0,,68,,"12,320","10,818","10,553",,Ayrshire Central,24,Scotland,"68,352","43,915","44,002","44,268",64.2,64.4,64.8,,87,,"10,144","8,490","8,224"
156,"Coatbridge, Chryston and Bellshill",S14000011,Burgh,Scotland,Scotland,"73,894","50,698","50,753","51,399",68.6,68.7,69.6,,55,,"8,196","7,771","7,125",,"Coatbridge, Chryston & Bellshill",156,Scotland,"70,067","41,635","41,766","42,023",59.4,59.6,60.0,,131,,"5,747","4,609","4,352"
173,"Cumbernauld, Kilsyth and Kirkintilloch East",S14000012,County,Scotland,Scotland,"67,088","49,382","49,508","49,904",73.6,73.8,74.4,,126,,"9,304","8,318","7,922",,"Cumbernauld, Kilsyth & Kirkintilloch East",173,Scotland,"64,037","41,150","41,232","41,427",64.3,64.4,64.7,,82,,"6,131","5,117","4,922"
207,Dumfries and Galloway,S14000013,County,Scotland,Scotland,"75,249","56,602","56,668","56,981",75.2,75.3,75.7,,66,,"16,218","14,607","14,294",,Dumfries & Galloway,207,Scotland,"74,584","52,173","52,271","52,408",70.0,70.1,70.3,,98,,"12,480","10,872","10,735"
208,"Dumfriesshire, Clydesdale and Tweeddale",S14000014,County,Scotland,Scotland,"68,483","52,134","52,168","52,420",76.1,76.2,76.5,,34,,"14,066","12,623","12,371",,"Dumfriesshire, Clydesdale & Tweeddale",208,Scotland,"66,627","45,892","45,962","46,083",68.9,69.0,69.2,,70,,"10,046","8,711","8,590"
211,Dundee East,S14000015,Burgh,Scotland,Scotland,"67,822","48,185","48,258","48,417",71.0,71.2,71.4,,73,,"13,338","11,473","11,314",,Dundee East,211,Scotland,"65,471","40,568","40,640","40,894",62.0,62.1,62.5,,72,,"9,732","7,976","7,722"
212,Dundee West,S14000016,Burgh,Scotland,Scotland,"65,927","44,714","44,760","44,915",67.8,67.9,68.1,,46,,"12,042","10,256","10,101",,Dundee West,212,Scotland,"63,013","37,126","37,202","37,478",58.9,59.0,59.5,,76,,"9,257","7,505","7,229"
213,Dunfermline and West Fife,S14000017,County,Scotland,Scotland,"78,037","55,890","55,968","56,294",71.6,71.7,72.1,,78,,"14,565","12,393","12,067",,Dunfermline & Fife West,213,Scotland,"73,590","48,947","49,026","49,158",66.5,66.6,66.8,,79,,"10,692","8,877","8,745"
209,East Dunbartonshire,S14000018,County,Scotland,Scotland,"66,966","54,871","54,918","55,249",81.9,82.0,82.5,,47,,"11,773","10,861","10,530",,Dunbartonshire East,209,Scotland,"63,795","47,948","48,041","48,467",75.2,75.3,76.0,,93,,"8,530","7,544","7,118"
223,"East Kilbride, Strathaven and Lesmahagow",S14000019,County,Scotland,Scotland,"83,205","60,539","60,603","60,919",72.8,72.8,73.2,,64,,"11,908","10,281","9,965",,"East Kilbride, Strathaven & Lesmahagow",223,Scotland,"76,534","50,946","51,032","51,227",66.6,66.7,66.9,,86,,"7,553","6,291","6,096"
224,East Lothian,S14000020,County,Scotland,Scotland,"79,481","59,014","59,050","59,544",74.2,74.3,74.9,,36,,"15,510","13,771","13,277",,East Lothian,224,Scotland,"73,348","49,161","49,221","49,636",67.0,67.1,67.7,,60,,"10,901","9,095","8,680"
469,East Renfrewshire,S14000021,County,Scotland,Scotland,"69,982","56,730","56,825","57,026",81.1,81.2,81.5,,95,,"15,044","13,446","13,245",,Renfrewshire East,469,Scotland,"66,249","51,181","51,258","52,207",77.3,77.4,78.8,,77,,"11,685","10,834","9,885"
228,Edinburgh East,S14000022,Burgh,Scotland,Scotland,"67,141","47,089","47,158","47,507",70.1,70.2,70.8,,69,,"11,837","10,044","9,695",,Edinburgh East,228,Scotland,"60,945","39,865","39,934","40,141",65.4,65.5,65.9,,69,,"8,738","7,104","6,897"
229,Edinburgh North and Leith,S14000023,Burgh,Scotland,Scotland,"80,910","58,008","58,084","58,478",71.7,71.8,72.3,,76,,"16,265","13,723","13,329",,Edinburgh North & Leith,229,Scotland,"69,207","47,356","47,435","47,654",68.4,68.5,68.9,,79,,"11,900","9,656","9,437"
230,Edinburgh South,S14000024,Burgh,Scotland,Scotland,"65,801","49,286","49,340","49,651",74.9,75.0,75.5,,54,,"14,725","12,800","12,489",,Edinburgh South,230,Scotland,"59,362","43,801","43,879","44,104",73.8,73.9,74.3,,78,,"11,260","9,717","9,492"
231,Edinburgh South West,S14000025,Burgh,Scotland,Scotland,"72,149","51,602","51,676","52,031",71.5,71.6,72.1,,74,,"14,937","12,950","12,595",,Edinburgh South West,231,Scotland,"66,361","45,462","45,550","45,796",68.5,68.6,69.0,,88,,"11,716","9,919","9,673"
232,Edinburgh West,S14000026,Burgh,Scotland,Scotland,"71,717","54,858","54,907","55,248",76.5,76.6,77.0,,49,,"16,589","14,684","14,343",,Edinburgh West,232,Scotland,"65,159","46,447","46,562","46,767",71.3,71.5,71.8,,115,,"11,773","10,109","9,904"
407,Na h-Eileanan an Iar,S14000027,County,Scotland,Scotland,"21,769","15,938","15,982","16,133",73.2,73.4,74.1,,44,,"4,564","3,974","3,823",,Na h-Eileanan an Iar (Western Isles),407,Scotland,"21,780","14,717","14,743","14,825",67.6,67.7,68.1,,26,,"2,836","2,329","2,247"
245,Falkirk,S14000028,County,Scotland,Scotland,"83,380","60,340","60,397","60,636",72.4,72.4,72.7,,57,,"10,732","9,451","9,212",,Falkirk,245,Scotland,"81,869","50,777","50,868","51,084",62.0,62.1,62.4,,91,,"7,294","6,585","6,369"
262,Glasgow Central,S14000029,Burgh,Scotland,Scotland,"70,945","39,318","39,381","39,844",55.4,55.5,56.2,,63,,"9,461","7,463","7,000",,Glasgow Central,262,Scotland,"60,105","30,580","30,665","30,971",50.9,51.0,51.5,,85,,"4,878","3,934","3,628"
263,Glasgow East,S14000030,Burgh,Scotland,Scotland,"70,378","42,417","42,446","42,846",60.3,60.3,60.9,,29,,"9,591","8,069","7,669",,Glasgow East,263,Scotland,"61,865","32,164","32,214","32,417",52.0,52.1,52.4,,50,,"5,362","4,476","4,273"
264,Glasgow North,S14000031,Burgh,Scotland,Scotland,"60,169","36,922","36,987","37,204",61.4,61.5,61.8,,65,,"7,638","6,249","6,032",,Glasgow North,264,Scotland,"51,490","29,613","29,682","29,914",57.5,57.6,58.1,,69,,"4,390","3,666","3,434"
265,Glasgow North East,S14000032,Burgh,Scotland,Scotland,"66,678","37,857","37,945","38,384",56.8,56.9,57.6,,88,,"9,149","7,537","7,098",,Glasgow North East,265,Scotland,"59,861","29,409","29,497","29,912",49.1,49.3,50.0,,88,,"6,134","4,967","4,552"
266,Glasgow North West,S14000033,Burgh,Scotland,Scotland,"68,418","43,854","43,961","44,371",64.1,64.3,64.9,,107,,"10,416","8,710","8,300",,Glasgow North West,266,Scotland,"60,997","35,582","35,664","35,973",58.3,58.5,59.0,,82,,"6,373","5,179","4,870"
267,Glasgow South,S14000034,Burgh,Scotland,Scotland,"74,051","48,778","48,865","49,390",65.9,66.0,66.7,,87,,"10,857","9,106","8,581",,Glasgow South,267,Scotland,"65,069","40,094","40,172","40,666",61.6,61.7,62.5,,78,,"6,318","5,248","4,754"
268,Glasgow South West,S14000035,Burgh,Scotland,Scotland,"66,209","40,921","40,965","41,399",61.8,61.9,62.5,,44,,"9,734","8,039","7,605",,Glasgow South West,268,Scotland,"58,191","31,781","31,869","32,234",54.6,54.8,55.4,,88,,"5,195","4,438","4,073"
269,Glenrothes,S14000036,County,Scotland,Scotland,"69,781","47,598","47,651","47,914",68.2,68.3,68.7,,53,,"11,466","9,729","9,466",,Glenrothes,269,Scotland,"67,765","40,501","40,568","40,661",59.8,59.9,60.0,,67,,"8,191","6,541","6,448"
271,Gordon,S14000037,County,Scotland,Scotland,"79,393","58,161","58,223","58,534",73.3,73.3,73.7,,62,,"16,776","14,733","14,422",,Gordon,271,Scotland,"73,420","48,775","48,825","49,108",66.4,66.5,66.9,,50,,"12,119","9,815","9,532"
330,Inverclyde,S14000038,County,Scotland,Scotland,"59,350","44,607","44,659","45,098",75.2,75.2,76.0,,52,,"12,869","11,291","10,852",,Inverclyde,330,Scotland,"59,209","37,512","37,583","37,775",63.4,63.5,63.8,,71,,"9,919","7,973","7,781"
331,"Inverness, Nairn, Badenoch and Strathspey",S14000039,County,Scotland,Scotland,"77,628","57,613","57,667","58,000",74.2,74.3,74.7,,54,,"15,952","13,865","13,532",,"Inverness, Nairn, Badenoch & Strathspey",331,Scotland,"72,528","47,086","47,146","47,506",64.9,65.0,65.5,,60,,"10,317","8,529","8,169"
342,Kilmarnock and Loudoun,S14000040,County,Scotland,Scotland,"75,250","53,903","53,995","54,334",71.6,71.8,72.2,,92,,"11,562","10,176","9,837",,Kilmarnock & Loudoun,342,Scotland,"74,131","46,553","46,658","46,926",62.8,62.9,63.3,,105,,"9,463","7,875","7,607"
345,Kirkcaldy and Cowdenbeath,S14000041,County,Scotland,Scotland,"75,941","52,892","52,956","53,286",69.6,69.7,70.2,,64,,"13,692","11,933","11,603",,Kirkcaldy & Cowdenbeath,345,Scotland,"73,534","45,802","45,862","45,981",62.3,62.4,62.5,,60,,"10,405","8,544","8,425"
348,Lanark and Hamilton East,S14000042,County,Scotland,Scotland,"79,962","55,258","55,328","55,571",69.1,69.2,69.5,,70,,"11,496","9,670","9,427",,Lanark & Hamilton East,348,Scotland,"74,773","46,554","46,635","46,888",62.3,62.4,62.7,,81,,"7,282","5,972","5,719"
369,Linlithgow and East Falkirk,S14000043,County,Scotland,Scotland,"86,955","61,597","61,687","61,965",70.8,70.9,71.3,,90,,"13,850","11,851","11,573",,Linlithgow & Falkirk East,369,Scotland,"80,907","51,450","51,586","51,812",63.6,63.8,64.0,,136,,"9,656","8,030","7,804"
374,Livingston,S14000044,County,Scotland,Scotland,"82,373","57,547","57,631","58,009",69.9,70.0,70.4,,84,,"14,548","12,378","12,000",,Livingston,374,Scotland,"75,924","47,907","47,967","48,175",63.1,63.2,63.5,,60,,"10,435","8,577","8,369"
396,Midlothian,S14000045,County,Scotland,Scotland,"67,875","48,331","48,365","48,692",71.2,71.3,71.7,,34,,"12,638","10,230","9,903",,Midlothian,396,Scotland,"61,387","39,242","39,292","39,672",63.9,64.0,64.6,,50,,"8,391","6,985","6,605"
403,Moray,S14000046,County,Scotland,Scotland,"71,685","49,280","49,321","49,464",68.7,68.8,69.0,,41,,"14,130","12,022","11,879",,Moray,403,Scotland,"65,925","41,004","41,070","41,085",62.2,62.3,62.3,,66,,"10,292","8,458","8,443"
406,Motherwell and Wishaw,S14000047,Burgh,Scotland,Scotland,"70,283","48,237","48,279","48,548",68.6,68.7,69.1,,42,,"8,532","6,846","6,577",,Motherwell & Wishaw,406,Scotland,"66,918","39,123","39,227","39,407",58.5,58.6,58.9,,104,,"5,026","4,048","3,868"
25,North Ayrshire and Arran,S14000048,County,Scotland,Scotland,"75,791","53,869","53,955","54,209",71.1,71.2,71.5,,86,,"13,024","11,436","11,182",,Ayrshire North & Arran,25,Scotland,"74,223","46,116","46,242","46,546",62.1,62.3,62.7,,126,,"10,167","8,357","8,053"
250,North East Fife,S14000049,County,Scotland,Scotland,"62,003","45,263","45,310","45,555",73.0,73.1,73.5,,47,,"11,162","9,679","9,434",,Fife North East,250,Scotland,"62,771","40,064","40,156","40,259",63.8,64.0,64.1,,92,,"8,272","6,799","6,696"
436,Ochil and South Perthshire,S14000050,County,Scotland,Scotland,"77,370","57,871","57,946","58,207",74.8,74.9,75.2,,75,,"12,683","11,203","10,942",,Ochil & South Perthshire,436,Scotland,"75,115","50,469","50,525","50,752",67.2,67.3,67.6,,56,,"8,471","7,231","7,004"
441,Orkney and Shetland,S14000051,County,Scotland,Scotland,"34,552","22,728","22,803","22,858",65.8,66.0,66.2,,75,,"6,833","5,759","5,704",,Orkney & Shetland,441,Scotland,"33,085","19,346","19,407","19,466",58.5,58.7,58.8,,61,,"3,695","3,014","2,955"
445,Paisley and Renfrewshire North,S14000052,County,Scotland,Scotland,"66,206","50,462","50,522","50,957",76.2,76.3,77.0,,60,,"13,422","11,856","11,421",,Paisley & Renfrewshire North,445,Scotland,"63,704","43,707","43,781","44,105",68.6,68.7,69.2,,74,,"10,419","8,655","8,331"
446,Paisley and Renfrewshire South,S14000053,County,Scotland,Scotland,"61,281","46,226","46,295","46,742",75.4,75.5,76.3,,69,,"13,407","11,814","11,367",,Paisley & Renfrewshire South,446,Scotland,"61,197","39,998","40,094","40,482",65.4,65.5,66.2,,96,,"11,345","9,414","9,026"
450,Perth and North Perthshire,S14000054,County,Scotland,Scotland,"72,459","54,200","54,264","54,473",74.8,74.9,75.2,,64,,"14,006","12,398","12,189",,Perth & North Perthshire,450,Scotland,"72,141","48,268","48,333","48,567",66.9,67.0,67.3,,65,,"9,468","8,143","7,909"
479,"Ross, Skye and Lochaber",S14000055,County,Scotland,Scotland,"54,169","41,811","41,850","42,048",77.2,77.3,77.6,,39,,"9,748","8,630","8,432",,"Ross, Skye & Lochaber",479,Scotland,"51,836","34,838","34,886","35,092",67.2,67.3,67.7,,48,,"6,094","5,097","4,891"
487,Rutherglen and Hamilton West,S14000056,Burgh,Scotland,Scotland,"82,830","57,615","57,669","57,887",69.6,69.6,69.9,,54,,"11,457","9,582","9,364",,Rutherglen & Hamilton West,487,Scotland,"76,408","46,981","47,072","47,368",61.5,61.6,62.0,,91,,"7,614","6,216","5,920"
533,Stirling,S14000057,County,Scotland,Scotland,"67,236","52,135","52,218","52,441",77.5,77.7,78.0,,83,,"10,020","9,057","8,834",,Stirling,533,Scotland,"66,080","46,841","46,902","47,102",70.9,71.0,71.3,,61,,"7,068","6,252","6,052"
5,West Aberdeenshire and Kincardine,S14000058,County,Scotland,Scotland,"73,445","55,196","55,239","55,425",75.2,75.2,75.5,,43,,"15,893","13,935","13,749",,Aberdeenshire West & Kincardine,5,Scotland,"66,110","45,195","45,256","45,450",68.4,68.5,68.7,,61,,"10,955","9,171","8,977"
210,West Dunbartonshire,S14000059,County,Scotland,Scotland,"69,208","51,141","51,202","51,418",73.9,74.0,74.3,,61,,"9,055","7,987","7,771",,Dunbartonshire West,210,Scotland,"66,086","42,266","42,360","42,639",64.0,64.1,64.5,,94,,"7,162","5,792","5,513"
647,Ynys M“n,W07000041,County,wales,wales,"49,939","34,926","34,993","35,140",69.9,70.1,70.4,,67,,"9,440","8,193","8,046",,Ynys Mon,647,wales,"50,075","34,444","34,514","34,755",68.8,68.9,69.4,,70,,"7,193","6,116","5,875"
179,Delyn,W07000042,County,wales,wales,"53,639","37,457","37,523","37,843",69.8,70.0,70.6,,66,,"9,326","8,411","8,091",,Delyn,179,wales,"53,470","36,984","37,041","38,271",69.2,69.3,71.6,,57,,"7,826","7,759","6,529"
10,Alyn and Deeside,W07000043,County,wales,wales,"62,016","41,314","41,369","42,248",66.6,66.7,68.1,,55,,"10,389","9,729","8,850",,Alyn & Deeside,10,wales,"60,931","39,923","39,990","41,322",65.5,65.6,67.8,,67,,"9,125","8,861","7,529"
641,Wrexham,W07000044,County,wales,wales,"50,992","32,719","32,774","32,892",64.2,64.3,64.5,,55,,"8,448","7,389","7,271",,Wrexham,641,wales,"50,872","32,976","33,017","33,253",64.8,64.9,65.4,,41,,"7,774","6,607","6,371"
375,Llanelli,W07000045,County,wales,wales,"59,314","38,574","38,614","39,127",65.0,65.1,66.0,,40,,"13,329","11,308","10,795",,Llanelli,375,wales,"55,637","37,461","37,510","37,842",67.3,67.4,68.0,,49,,"11,148","9,324","8,992"
273,Gower,W07000046,County,wales,wales,"61,820","42,758","42,815","43,050",69.2,69.3,69.6,,57,,"11,971","10,434","10,199",,Gower,273,wales,"61,696","41,671","41,737","42,130",67.5,67.6,68.3,,66,,"10,446","8,727","8,334"
559,Swansea West,W07000047,Borough,wales,wales,"58,776","35,156","35,272","35,398",59.8,60.0,60.2,,116,,"9,741","8,122","7,996",,Swansea West,559,wales,"61,334","35,593","35,654","35,978",58.0,58.1,58.7,,61,,"9,153","7,485","7,161"
558,Swansea East,W07000048,Borough,wales,wales,"58,011","33,618","33,725","33,982",58.0,58.1,58.6,,107,,"9,824","8,106","7,849",,Swansea East,558,wales,"59,823","32,676","32,741","33,101",54.6,54.7,55.3,,65,,"9,435","7,431","7,071"
1,Aberavon,W07000049,County,wales,wales,"49,821","31,523","31,580","31,842",63.3,63.4,63.9,,57,,"10,493","8,929","8,667",,Aberavon,1,wales,"50,838","30,958","31,002","31,469",60.9,61.0,61.9,,44,,"9,675","7,858","7,391"
126,Cardiff Central,W07000050,Borough,wales,wales,"57,456","38,646","38,763","38,909",67.3,67.5,67.7,,117,,"9,136","8,081","7,935",,Cardiff Central,126,wales,"61,165","36,151","36,254","36,409",59.1,59.3,59.5,,103,,"9,503","7,743","7,588"
127,Cardiff North,W07000051,Borough,wales,wales,"67,196","51,151","51,231","51,383",76.1,76.2,76.5,,80,,"14,221","12,743","12,591",,Cardiff North,127,wales,"65,553","47,630","47,703","47,940",72.7,72.8,73.1,,73,,"13,762","11,870","11,633"
470,Rhondda,W07000052,County,wales,wales,"51,811","31,538","31,596","31,842",60.9,61.0,61.5,,58,,"10,052","8,580","8,334",,Rhondda,470,wales,"51,554","31,072","31,143","31,571",60.3,60.4,61.2,,71,,"10,624","8,686","8,258"
576,Torfaen,W07000053,County,wales,wales,"61,896","37,937","38,005","38,642",61.3,61.4,62.4,,68,,"12,090","9,994","9,357",,Torfaen,576,wales,"61,183","37,640","37,686","38,027",61.5,61.6,62.2,,46,,"12,366","9,576","9,235"
401,Monmouth,W07000054,County,wales,wales,"62,248","47,462","47,566","47,758",76.2,76.4,76.7,,104,,"9,995","8,957","8,765",,Monmouth,401,wales,"64,538","46,519","46,594","46,902",72.1,72.2,72.7,,75,,"9,359","8,214","7,906"
417,Newport East,W07000055,County,wales,wales,"56,015","35,108","35,178","35,392",62.7,62.8,63.2,,70,,"8,421","7,270","7,056",,Newport East,417,wales,"54,437","34,448","34,486","34,696",63.3,63.4,63.7,,38,,"7,466","6,506","6,296"
418,Newport West,W07000056,County,wales,wales,"62,137","40,347","40,423","41,224",64.9,65.1,66.3,,76,,"11,040","10,009","9,208",,Newport West,418,wales,"62,111","39,720","39,775","40,122",64.0,64.0,64.6,,55,,"10,204","8,959","8,612"
16,Arfon,W07000057,County,wales,wales,"40,492","26,837","26,932","27,021",66.3,66.5,66.7,,95,,"6,050","5,230","5,141",,Arfon,16,wales,"41,198","26,078","26,156","26,348",63.3,63.5,64.0,,78,,"4,920","4,083","3,891"
2,Aberconwy,W07000058,County,wales,wales,"45,525","30,148","30,207","30,337",66.2,66.4,66.6,,59,,"6,899","6,095","5,965",,Aberconwy,2,wales,"44,593","29,966","30,035","30,143",67.2,67.4,67.6,,69,,"6,229","5,287","5,179"
155,Clwyd West,W07000059,County,wales,wales,"58,644","38,028","38,104","38,266",64.8,65.0,65.3,,76,,"9,124","7,865","7,703",,Clwyd West,155,wales,"57,913","38,111","38,178","38,369",65.8,65.9,66.3,,67,,"9,808","7,211","7,020"
588,Vale of Clwyd,W07000060,County,wales,wales,"56,505","35,261","35,338","35,535",62.4,62.5,62.9,,77,,"10,774","9,263","9,066",,Vale of Clwyd,588,wales,"55,781","35,534","35,589","35,861",63.7,63.8,64.3,,55,,"10,485","8,858","8,586"
217,Dwyfor Meirionnydd,W07000061,County,wales,wales,"44,394","28,913","28,978","29,075",65.1,65.3,65.5,,65,,"5,845","4,964","4,867",,Dwyfor Meirionnydd,217,wales,"45,354","28,906","28,968","29,115",63.7,63.9,64.2,,62,,"4,829","4,130","3,983"
154,Clwyd South,W07000062,County,wales,wales,"54,996","35,064","35,119","35,244",63.8,63.9,64.1,,55,,"8,477","7,371","7,246",,Clwyd South,154,wales,"53,748","34,681","34,723","34,945",64.5,64.6,65.0,,42,,"7,708","6,602","6,380"
402,Montgomeryshire,W07000063,County,wales,wales,"48,690","33,757","33,811","33,962",69.3,69.4,69.8,,54,,"7,000","6,030","5,879",,Montgomeryshire,402,wales,"48,730","33,813","33,871","34,059",69.4,69.5,69.9,,58,,"5,966","5,015","4,827"
135,Ceredigion,W07000064,County,wales,wales,"54,242","37,416","37,512","37,675",69.0,69.2,69.5,,96,,"8,709","7,536","7,373",,Ceredigion,135,wales,"59,882","38,258","38,321","38,486",63.9,64.0,64.3,,63,,"6,579","5,518","5,353"
459,Preseli Pembrokeshire,W07000065,County,wales,wales,"57,291","40,556","40,620","40,837",70.8,70.9,71.3,,64,,"11,058","9,538","9,321",,Preseli Pembrokeshire,459,wales,"57,400","39,602","39,682","39,941",69.0,69.1,69.6,,80,,"8,901","7,510","7,251"
132,Carmarthen West and South Pembrokeshire,W07000066,County,wales,wales,"57,755","40,350","40,419","40,617",69.9,70.0,70.3,,69,,"11,539","9,846","9,648",,Carmarthen West & Pembrokeshire South,132,wales,"58,108","40,507","40,574","40,867",69.7,69.8,70.3,,67,,"9,170","7,901","7,608"
131,Carmarthen East and Dinefwr,W07000067,County,wales,wales,"55,750","39,399","39,460","39,953",70.7,70.8,71.7,,61,,"12,600","10,871","10,378",,Carmarthen East & Dinefwr,131,wales,"52,385","38,011","38,088","38,380",72.6,72.7,73.3,,77,,"10,229","8,666","8,374"
89,Brecon and Radnorshire,W07000068,County,wales,wales,"54,441","40,074","40,145","40,338",73.6,73.7,74.1,,71,,"8,979","8,070","7,877",,Brecon & Radnorshire,89,wales,"53,589","38,845","38,896","39,115",72.5,72.6,73.0,,51,,"7,367","6,338","6,119"
408,Neath,W07000069,County,wales,wales,"56,097","37,135","37,249","37,596",66.2,66.4,67.0,,114,,"12,886","11,084","10,737",,Neath,408,wales,"57,295","37,122","37,189","37,681",64.8,64.9,65.8,,67,,"12,154","9,987","9,495"
174,Cynon Valley,W07000070,County,wales,wales,"51,422","30,472","30,555","30,774",59.3,59.4,59.8,,83,,"9,951","8,348","8,129",,Cynon Valley,174,wales,"50,650","29,876","29,948","30,293",59.0,59.1,59.8,,72,,"9,976","8,087","7,742"
393,Merthyr Tydfil and Rhymney,W07000071,County,wales,wales,"61,716","32,715","32,810","33,717",53.0,53.2,54.6,,95,,"9,445","6,595","5,688",,Merthyr Tydfil & Rhymney,393,wales,"54,715","32,076","32,156","32,443",58.6,58.8,59.3,,80,,"6,578","5,579","5,292"
71,Blaenau Gwent,W07000072,County,wales,wales,"51,335","31,683","31,757","31,891",61.7,61.9,62.1,,74,,"8,961","7,815","7,681",,Blaenau Gwent,71,wales,"52,442","32,395","32,466","32,838",61.8,61.9,62.6,,71,,"9,411","7,826","7,454"
94,Bridgend,W07000073,County,wales,wales,"59,998","39,453","39,516","39,703",65.8,65.9,66.2,,63,,"11,268","9,600","9,413",,Bridgend,94,wales,"58,700","38,347","38,425","38,555",65.3,65.5,65.7,,78,,"11,860","9,678","9,548"
437,Ogmore,W07000074,County,wales,wales,"55,572","35,250","35,322","35,497",63.4,63.6,63.9,,72,,"9,280","7,768","7,593",,Ogmore,437,wales,"55,527","34,650","34,718","34,847",62.4,62.5,62.8,,68,,"9,793","7,712","7,583"
454,Pontypridd,W07000075,County,wales,wales,"58,940","37,882","37,983","38,199",64.3,64.4,64.8,,101,,"10,725","8,982","8,766",,Pontypridd,454,wales,"58,205","36,671","36,746","37,082",63.0,63.1,63.7,,75,,"10,505","8,455","8,119"
114,Caerphilly,W07000076,County,wales,wales,"63,603","40,283","40,364","40,543",63.3,63.5,63.7,,81,,"10,218","9,058","8,879",,Caerphilly,114,wales,"62,122","38,692","38,787","39,148",62.3,62.4,63.0,,95,,"9,827","7,593","7,232"
336,Islwyn,W07000077,County,wales,wales,"55,697","35,401","35,447","35,602",63.6,63.6,63.9,,46,,"8,385","7,465","7,310",,Islwyn,336,wales,"54,866","34,684","34,754","35,084",63.2,63.3,63.9,,70,,"8,149","6,138","5,808"
589,Vale of Glamorgan,W07000078,County,wales,wales,"72,794","51,293","51,379","51,639",70.5,70.6,70.9,,86,,"12,687","10,932","10,672",,Vale of Glamorgan,589,wales,"70,211","48,667","48,757","49,000",69.3,69.4,69.8,,90,,"10,428","8,456","8,213"
129,Cardiff West,W07000079,Borough,wales,wales,"66,762","43,792","43,905","44,242",65.6,65.8,66.3,,113,,"12,304","10,539","10,202",,Cardiff West,129,wales,"62,787","40,958","41,043","41,310",65.2,65.4,65.8,,85,,"12,938","10,436","10,169"
128,Cardiff South and Penarth,W07000080,Borough,wales,wales,"76,006","46,667","46,788","47,155",61.4,61.6,62.0,,121,,"13,202","10,775","10,408",,Cardiff South & Penarth,128,wales,"73,707","44,369","44,467","44,843",60.2,60.3,60.8,,98,,"13,717","10,806","10,430"
,,,,,,,,,,,,,,,,,,,,,,,,,,,,,,,,,,,
,,,,,,,,,,,,,,,,,,,,,,,,,,,,,,,,,,,
,,,,uk,,"46,354,197","30,697,525","30,800,164","31,014,319",66.2,66.4,66.9,,102639,,7592735,6516228,6302073,,,,,"45,597,461","29,687,604","29,769,483","29,991,471",65.1,65.3,65.8,,81879,,"6,996,006","5,818,853","5,596,865"
,,,,gb,,"45,117,432","29,979,422","30,077,292","30,290,591",66.4,66.7,67.1,,97870,,7575632,6501516,6288217,,,,,"44,428,277","29,013,733","29,091,547","29,312,175",65.3,65.5,66.0,,77814,,"6,980,005","5,806,349","5,585,721"
,,,,e,,"38,736,146","25,570,894","25,661,947","25,846,124",66.0,66.2,66.7,,91053,,6451395,5530130,5345953,,,,,"38,300,110","25,081,268","25,151,859","25,343,962",65.5,65.7,66.2,,70591,,"6,096,006","5,069,269","4,877,166"
,,,,w,,"2,281,754","1,498,063","1,501,147","1,512,090",65.7,65.8,66.3,,3084,,404282,347895,336952,,,,,"2,265,125","1,466,685","1,469,384","1,482,541",64.8,64.9,65.5,,2699,,"372,586","309,594","296,437"
,,,,s,,"4,099,532","2,910,465","2,914,198","2,932,377",71.0,71.1,71.5,,3733,,719955,623491,605312,,,,,"3,863,042","2,465,780","2,470,304","2,485,672",63.8,63.9,64.3,,4524,,"511,413","427,486","412,118"
,,,,ni,,"1,236,765","718,103","722,872","723,728",58.1,58.4,58.5,,4769,,17103,14712,13856,,,,,"1,169,184","673,871","677,936","679,296",57.6,58.0,58.1,,4065,,"16,001","12,504","11,144"
,,,,,,,,,,,,,,,,,,,,,,,,,,,,,,,,,,,
,,,,em,,"3,354,204","2,230,402","2,239,211","2,257,434",66.5,66.8,67.3,,8809,,564521,488998,470775,,,,,"3,332,058","2,224,279","2,228,760","2,248,366",66.8,66.9,67.5,,4481,,"540,279","462,250","442,644"
,,,,ee,,"4,365,302","2,948,623","2,959,383","2,978,088",67.5,67.8,68.2,,10760,,670172,579338,560633,,,,,"4,257,453","2,878,997","2,884,957","2,902,713",67.6,67.8,68.2,,5960,,"615,292","517,119","499,363"
,,,,gl,,"5,407,830","3,536,251","3,547,833","3,568,121",65.4,65.6,66.0,,11582,,799738,661574,641286,,,,,"5,276,910","3,401,268","3,418,765","3,448,641",64.5,64.8,65.4,,17497,,"726,647","572,941","543,065"
,,,,ne,,"1,923,727","1,188,153","1,191,591","1,203,709",61.8,61.9,62.6,,3438,,500983,426433,414315,,,,,"1,948,281","1,189,925","1,192,626","1,207,845",61.1,61.2,62.0,,2701,,"519,977","429,069","413,850"
,,,,nw,,"5,230,395","3,364,055","3,377,165","3,408,476",64.3,64.6,65.2,,13110,,948272,798493,767182,,,,,"5,255,192","3,272,990","3,284,698","3,315,061",62.3,62.5,63.1,,11708,,"929,298","753,360","722,997"
,,,,se,,"6,409,317","4,394,360","4,410,998","4,438,757",68.6,68.8,69.3,,16638,,1024774,889860,862101,,,,,"6,298,261","4,294,227","4,303,775","4,330,272",68.2,68.3,68.8,,9548,,"922,570","787,502","761,005"
,,,,sw,,"4,080,772","2,836,294","2,844,797","2,861,123",69.5,69.7,70.1,,8503,,697516,611136,594810,,,,,"4,020,915","2,773,443","2,778,419","2,792,852",69.0,69.1,69.5,,4976,,"629,733","539,148","524,715"
,,,,wm,,"4,102,205","2,628,579","2,637,781","2,653,253",64.1,64.3,64.7,,9202,,550405,473385,457913,,,,,"4,084,007","2,640,572","2,648,104","2,667,465",64.7,64.8,65.3,,7532,,"524,436","439,340","419,979"
,,,,yh,,"3,862,394","2,444,177","2,453,188","2,477,163",63.3,63.5,64.1,,9011,,695014,600913,576938,,,,,"3,827,033","2,405,567","2,411,755","2,430,747",62.9,63.0,63.5,,6188,,"687,774","568,540","549,548"
,,,,,,,,,,,,,,,,,,,,,,,,,,,,,,,,,,,
,,,,,,,,,,,,,,,,,,,,,,,,,,,,,,,,,,,
,,,,,,,,,,,,,,,,,,,,,,,,,,,,,,,,,,,
,,,,,,,,,,,,,,,,,,,,,,,,,,,,,,,,,,,
,,,,,,,,,,,,,,,,,,,,,,,,,,,,,,,,,,,
,,,,,,,,,,,,,,,,,,,,,,,,,,,,,,,,,,,
,,,,,,,,,,,,,,,,,,,,,,,,,,,,,,,,,,,
,,,,,,,,,,,,,,,,,,,,,,,,,,,,,,,,,,,
